Time	Open	High	Low	Close	Volume
2025.06.06 00:00	7.84949	7.84951	7.84948	7.84949	5
2025.06.06 00:01	ERROR	ERROR	ERROR	ERROR	ERROR
2025.06.06 00:02	ERROR	ERROR	ERROR	ERROR	ERROR
2025.06.06 00:03	ERROR	ERROR	ERROR	ERROR	ERROR
2025.06.06 00:04	ERROR	ERROR	ERROR	ERROR	ERROR
2025.06.06 00:05	ERROR	ERROR	ERROR	ERROR	ERROR
2025.06.06 00:06	ERROR	ERROR	ERROR	ERROR	ERROR
2025.06.06 00:07	ERROR	ERROR	ERROR	ERROR	ERROR
2025.06.06 00:08	ERROR	ERROR	ERROR	ERROR	ERROR
2025.06.06 00:09	ERROR	ERROR	ERROR	ERROR	ERROR
2025.06.06 00:10	ERROR	ERROR	ERROR	ERROR	ERROR
2025.06.06 00:11	ERROR	ERROR	ERROR	ERROR	ERROR
2025.06.06 00:12	ERROR	ERROR	ERROR	ERROR	ERROR
2025.06.06 00:13	ERROR	ERROR	ERROR	ERROR	ERROR
2025.06.06 00:14	ERROR	ERROR	ERROR	ERROR	ERROR
2025.06.06 00:15	ERROR	ERROR	ERROR	ERROR	ERROR
2025.06.06 00:16	ERROR	ERROR	ERROR	ERROR	ERROR
2025.06.06 00:17	ERROR	ERROR	ERROR	ERROR	ERROR
2025.06.06 00:18	ERROR	ERROR	ERROR	ERROR	ERROR
2025.06.06 00:19	ERROR	ERROR	ERROR	ERROR	ERROR
2025.06.06 00:20	ERROR	ERROR	ERROR	ERROR	ERROR
2025.06.06 00:21	ERROR	ERROR	ERROR	ERROR	ERROR
2025.06.06 00:22	ERROR	ERROR	ERROR	ERROR	ERROR
2025.06.06 00:23	ERROR	ERROR	ERROR	ERROR	ERROR
2025.06.06 00:24	ERROR	ERROR	ERROR	ERROR	ERROR
2025.06.06 00:25	ERROR	ERROR	ERROR	ERROR	ERROR
2025.06.06 00:26	ERROR	ERROR	ERROR	ERROR	ERROR
2025.06.06 00:27	ERROR	ERROR	ERROR	ERROR	ERROR
2025.06.06 00:28	ERROR	ERROR	ERROR	ERROR	ERROR
2025.06.06 00:29	ERROR	ERROR	ERROR	ERROR	ERROR
2025.06.06 00:30	ERROR	ERROR	ERROR	ERROR	ERROR
2025.06.06 00:31	ERROR	ERROR	ERROR	ERROR	ERROR
2025.06.06 00:32	ERROR	ERROR	ERROR	ERROR	ERROR
2025.06.06 00:33	ERROR	ERROR	ERROR	ERROR	ERROR
2025.06.06 00:34	ERROR	ERROR	ERROR	ERROR	ERROR
2025.06.06 00:35	ERROR	ERROR	ERROR	ERROR	ERROR
2025.06.06 00:36	ERROR	ERROR	ERROR	ERROR	ERROR
2025.06.06 00:37	ERROR	ERROR	ERROR	ERROR	ERROR
2025.06.06 00:38	ERROR	ERROR	ERROR	ERROR	ERROR
2025.06.06 00:39	ERROR	ERROR	ERROR	ERROR	ERROR
2025.06.06 00:40	ERROR	ERROR	ERROR	ERROR	ERROR
2025.06.06 00:41	ERROR	ERROR	ERROR	ERROR	ERROR
2025.06.06 00:42	ERROR	ERROR	ERROR	ERROR	ERROR
2025.06.06 00:43	ERROR	ERROR	ERROR	ERROR	ERROR
2025.06.06 00:44	ERROR	ERROR	ERROR	ERROR	ERROR
2025.06.06 00:45	ERROR	ERROR	ERROR	ERROR	ERROR
2025.06.06 00:46	ERROR	ERROR	ERROR	ERROR	ERROR
2025.06.06 00:47	ERROR	ERROR	ERROR	ERROR	ERROR
2025.06.06 00:48	ERROR	ERROR	ERROR	ERROR	ERROR
2025.06.06 00:49	ERROR	ERROR	ERROR	ERROR	ERROR
2025.06.06 00:50	ERROR	ERROR	ERROR	ERROR	ERROR
2025.06.06 00:51	ERROR	ERROR	ERROR	ERROR	ERROR
2025.06.06 00:52	ERROR	ERROR	ERROR	ERROR	ERROR
2025.06.06 00:53	ERROR	ERROR	ERROR	ERROR	ERROR
2025.06.06 00:54	ERROR	ERROR	ERROR	ERROR	ERROR
2025.06.06 00:55	ERROR	ERROR	ERROR	ERROR	ERROR
2025.06.06 00:56	ERROR	ERROR	ERROR	ERROR	ERROR
2025.06.06 00:57	ERROR	ERROR	ERROR	ERROR	ERROR
2025.06.06 00:58	ERROR	ERROR	ERROR	ERROR	ERROR
2025.06.06 00:59	ERROR	ERROR	ERROR	ERROR	ERROR
2025.06.06 01:00	ERROR	ERROR	ERROR	ERROR	ERROR
2025.06.06 01:01	ERROR	ERROR	ERROR	ERROR	ERROR
2025.06.06 01:02	ERROR	ERROR	ERROR	ERROR	ERROR
2025.06.06 01:03	ERROR	ERROR	ERROR	ERROR	ERROR
2025.06.06 01:04	ERROR	ERROR	ERROR	ERROR	ERROR
2025.06.06 01:05	ERROR	ERROR	ERROR	ERROR	ERROR
2025.06.06 01:06	ERROR	ERROR	ERROR	ERROR	ERROR
2025.06.06 01:07	ERROR	ERROR	ERROR	ERROR	ERROR
2025.06.06 01:08	ERROR	ERROR	ERROR	ERROR	ERROR
2025.06.06 01:09	ERROR	ERROR	ERROR	ERROR	ERROR
2025.06.06 01:10	ERROR	ERROR	ERROR	ERROR	ERROR
2025.06.06 01:11	ERROR	ERROR	ERROR	ERROR	ERROR
2025.06.06 01:12	ERROR	ERROR	ERROR	ERROR	ERROR
2025.06.06 01:13	ERROR	ERROR	ERROR	ERROR	ERROR
2025.06.06 01:14	ERROR	ERROR	ERROR	ERROR	ERROR
2025.06.06 01:15	ERROR	ERROR	ERROR	ERROR	ERROR
2025.06.06 01:16	ERROR	ERROR	ERROR	ERROR	ERROR
2025.06.06 01:17	ERROR	ERROR	ERROR	ERROR	ERROR
2025.06.06 01:18	ERROR	ERROR	ERROR	ERROR	ERROR
2025.06.06 01:19	ERROR	ERROR	ERROR	ERROR	ERROR
2025.06.06 01:20	ERROR	ERROR	ERROR	ERROR	ERROR
2025.06.06 01:21	ERROR	ERROR	ERROR	ERROR	ERROR
2025.06.06 01:22	ERROR	ERROR	ERROR	ERROR	ERROR
2025.06.06 01:23	ERROR	ERROR	ERROR	ERROR	ERROR
2025.06.06 01:24	ERROR	ERROR	ERROR	ERROR	ERROR
2025.06.06 01:25	ERROR	ERROR	ERROR	ERROR	ERROR
2025.06.06 01:26	ERROR	ERROR	ERROR	ERROR	ERROR
2025.06.06 01:27	ERROR	ERROR	ERROR	ERROR	ERROR
2025.06.06 01:28	ERROR	ERROR	ERROR	ERROR	ERROR
2025.06.06 01:29	ERROR	ERROR	ERROR	ERROR	ERROR
2025.06.06 01:30	ERROR	ERROR	ERROR	ERROR	ERROR
2025.06.06 01:31	ERROR	ERROR	ERROR	ERROR	ERROR
2025.06.06 01:32	ERROR	ERROR	ERROR	ERROR	ERROR
2025.06.06 01:33	ERROR	ERROR	ERROR	ERROR	ERROR
2025.06.06 01:34	ERROR	ERROR	ERROR	ERROR	ERROR
2025.06.06 01:35	ERROR	ERROR	ERROR	ERROR	ERROR
2025.06.06 01:36	ERROR	ERROR	ERROR	ERROR	ERROR
2025.06.06 01:37	ERROR	ERROR	ERROR	ERROR	ERROR
2025.06.06 01:38	ERROR	ERROR	ERROR	ERROR	ERROR
2025.06.06 01:39	ERROR	ERROR	ERROR	ERROR	ERROR
2025.06.06 01:40	ERROR	ERROR	ERROR	ERROR	ERROR
2025.06.06 01:41	ERROR	ERROR	ERROR	ERROR	ERROR
2025.06.06 01:42	ERROR	ERROR	ERROR	ERROR	ERROR
2025.06.06 01:43	ERROR	ERROR	ERROR	ERROR	ERROR
2025.06.06 01:44	ERROR	ERROR	ERROR	ERROR	ERROR
2025.06.06 01:45	ERROR	ERROR	ERROR	ERROR	ERROR
2025.06.06 01:46	ERROR	ERROR	ERROR	ERROR	ERROR
2025.06.06 01:47	ERROR	ERROR	ERROR	ERROR	ERROR
2025.06.06 01:48	ERROR	ERROR	ERROR	ERROR	ERROR
2025.06.06 01:49	ERROR	ERROR	ERROR	ERROR	ERROR
2025.06.06 01:50	ERROR	ERROR	ERROR	ERROR	ERROR
2025.06.06 01:51	ERROR	ERROR	ERROR	ERROR	ERROR
2025.06.06 01:52	ERROR	ERROR	ERROR	ERROR	ERROR
2025.06.06 01:53	ERROR	ERROR	ERROR	ERROR	ERROR
2025.06.06 01:54	ERROR	ERROR	ERROR	ERROR	ERROR
2025.06.06 01:55	ERROR	ERROR	ERROR	ERROR	ERROR
2025.06.06 01:56	ERROR	ERROR	ERROR	ERROR	ERROR
2025.06.06 01:57	ERROR	ERROR	ERROR	ERROR	ERROR
2025.06.06 01:58	ERROR	ERROR	ERROR	ERROR	ERROR
2025.06.06 01:59	ERROR	ERROR	ERROR	ERROR	ERROR
2025.06.06 02:00	ERROR	ERROR	ERROR	ERROR	ERROR
2025.06.06 02:01	ERROR	ERROR	ERROR	ERROR	ERROR
2025.06.06 02:02	ERROR	ERROR	ERROR	ERROR	ERROR
2025.06.06 02:03	ERROR	ERROR	ERROR	ERROR	ERROR
2025.06.06 02:04	ERROR	ERROR	ERROR	ERROR	ERROR
2025.06.06 02:05	ERROR	ERROR	ERROR	ERROR	ERROR
2025.06.06 02:06	ERROR	ERROR	ERROR	ERROR	ERROR
2025.06.06 02:07	ERROR	ERROR	ERROR	ERROR	ERROR
2025.06.06 02:08	ERROR	ERROR	ERROR	ERROR	ERROR
2025.06.06 02:09	ERROR	ERROR	ERROR	ERROR	ERROR
2025.06.06 02:10	ERROR	ERROR	ERROR	ERROR	ERROR
2025.06.06 02:11	ERROR	ERROR	ERROR	ERROR	ERROR
2025.06.06 02:12	ERROR	ERROR	ERROR	ERROR	ERROR
2025.06.06 02:13	ERROR	ERROR	ERROR	ERROR	ERROR
2025.06.06 02:14	ERROR	ERROR	ERROR	ERROR	ERROR
2025.06.06 02:15	ERROR	ERROR	ERROR	ERROR	ERROR
2025.06.06 02:16	ERROR	ERROR	ERROR	ERROR	ERROR
2025.06.06 02:17	ERROR	ERROR	ERROR	ERROR	ERROR
2025.06.06 02:18	ERROR	ERROR	ERROR	ERROR	ERROR
2025.06.06 02:19	ERROR	ERROR	ERROR	ERROR	ERROR
2025.06.06 02:20	ERROR	ERROR	ERROR	ERROR	ERROR
2025.06.06 02:21	ERROR	ERROR	ERROR	ERROR	ERROR
2025.06.06 02:22	ERROR	ERROR	ERROR	ERROR	ERROR
2025.06.06 02:23	ERROR	ERROR	ERROR	ERROR	ERROR
2025.06.06 02:24	ERROR	ERROR	ERROR	ERROR	ERROR
2025.06.06 02:25	ERROR	ERROR	ERROR	ERROR	ERROR
2025.06.06 02:26	ERROR	ERROR	ERROR	ERROR	ERROR
2025.06.06 02:27	ERROR	ERROR	ERROR	ERROR	ERROR
2025.06.06 02:28	ERROR	ERROR	ERROR	ERROR	ERROR
2025.06.06 02:29	ERROR	ERROR	ERROR	ERROR	ERROR
2025.06.06 02:30	ERROR	ERROR	ERROR	ERROR	ERROR
2025.06.06 02:31	ERROR	ERROR	ERROR	ERROR	ERROR
2025.06.06 02:32	ERROR	ERROR	ERROR	ERROR	ERROR
2025.06.06 02:33	ERROR	ERROR	ERROR	ERROR	ERROR
2025.06.06 02:34	ERROR	ERROR	ERROR	ERROR	ERROR
2025.06.06 02:35	ERROR	ERROR	ERROR	ERROR	ERROR
2025.06.06 02:36	ERROR	ERROR	ERROR	ERROR	ERROR
2025.06.06 02:37	ERROR	ERROR	ERROR	ERROR	ERROR
2025.06.06 02:38	ERROR	ERROR	ERROR	ERROR	ERROR
2025.06.06 02:39	ERROR	ERROR	ERROR	ERROR	ERROR
2025.06.06 02:40	ERROR	ERROR	ERROR	ERROR	ERROR
2025.06.06 02:41	ERROR	ERROR	ERROR	ERROR	ERROR
2025.06.06 02:42	ERROR	ERROR	ERROR	ERROR	ERROR
2025.06.06 02:43	ERROR	ERROR	ERROR	ERROR	ERROR
2025.06.06 02:44	ERROR	ERROR	ERROR	ERROR	ERROR
2025.06.06 02:45	ERROR	ERROR	ERROR	ERROR	ERROR
2025.06.06 02:46	ERROR	ERROR	ERROR	ERROR	ERROR
2025.06.06 02:47	ERROR	ERROR	ERROR	ERROR	ERROR
2025.06.06 02:48	ERROR	ERROR	ERROR	ERROR	ERROR
2025.06.06 02:49	ERROR	ERROR	ERROR	ERROR	ERROR
2025.06.06 02:50	ERROR	ERROR	ERROR	ERROR	ERROR
2025.06.06 02:51	ERROR	ERROR	ERROR	ERROR	ERROR
2025.06.06 02:52	ERROR	ERROR	ERROR	ERROR	ERROR
2025.06.06 02:53	ERROR	ERROR	ERROR	ERROR	ERROR
2025.06.06 02:54	ERROR	ERROR	ERROR	ERROR	ERROR
2025.06.06 02:55	ERROR	ERROR	ERROR	ERROR	ERROR
2025.06.06 02:56	ERROR	ERROR	ERROR	ERROR	ERROR
2025.06.06 02:57	ERROR	ERROR	ERROR	ERROR	ERROR
2025.06.06 02:58	ERROR	ERROR	ERROR	ERROR	ERROR
2025.06.06 02:59	ERROR	ERROR	ERROR	ERROR	ERROR
2025.06.06 03:00	ERROR	ERROR	ERROR	ERROR	ERROR
2025.06.06 03:01	ERROR	ERROR	ERROR	ERROR	ERROR
2025.06.06 03:02	ERROR	ERROR	ERROR	ERROR	ERROR
2025.06.06 03:03	ERROR	ERROR	ERROR	ERROR	ERROR
2025.06.06 03:04	ERROR	ERROR	ERROR	ERROR	ERROR
2025.06.06 03:05	ERROR	ERROR	ERROR	ERROR	ERROR
2025.06.06 03:06	ERROR	ERROR	ERROR	ERROR	ERROR
2025.06.06 03:07	ERROR	ERROR	ERROR	ERROR	ERROR
2025.06.06 03:08	ERROR	ERROR	ERROR	ERROR	ERROR
2025.06.06 03:09	ERROR	ERROR	ERROR	ERROR	ERROR
2025.06.06 03:10	ERROR	ERROR	ERROR	ERROR	ERROR
2025.06.06 03:11	ERROR	ERROR	ERROR	ERROR	ERROR
2025.06.06 03:12	ERROR	ERROR	ERROR	ERROR	ERROR
2025.06.06 03:13	ERROR	ERROR	ERROR	ERROR	ERROR
2025.06.06 03:14	ERROR	ERROR	ERROR	ERROR	ERROR
2025.06.06 03:15	ERROR	ERROR	ERROR	ERROR	ERROR
2025.06.06 03:16	ERROR	ERROR	ERROR	ERROR	ERROR
2025.06.06 03:17	ERROR	ERROR	ERROR	ERROR	ERROR
2025.06.06 03:18	ERROR	ERROR	ERROR	ERROR	ERROR
2025.06.06 03:19	ERROR	ERROR	ERROR	ERROR	ERROR
2025.06.06 03:20	ERROR	ERROR	ERROR	ERROR	ERROR
2025.06.06 03:21	ERROR	ERROR	ERROR	ERROR	ERROR
2025.06.06 03:22	ERROR	ERROR	ERROR	ERROR	ERROR
2025.06.06 03:23	ERROR	ERROR	ERROR	ERROR	ERROR
2025.06.06 03:24	ERROR	ERROR	ERROR	ERROR	ERROR
2025.06.06 03:25	ERROR	ERROR	ERROR	ERROR	ERROR
2025.06.06 03:26	ERROR	ERROR	ERROR	ERROR	ERROR
2025.06.06 03:27	ERROR	ERROR	ERROR	ERROR	ERROR
2025.06.06 03:28	ERROR	ERROR	ERROR	ERROR	ERROR
2025.06.06 03:29	ERROR	ERROR	ERROR	ERROR	ERROR
2025.06.06 03:30	ERROR	ERROR	ERROR	ERROR	ERROR
2025.06.06 03:31	ERROR	ERROR	ERROR	ERROR	ERROR
2025.06.06 03:32	ERROR	ERROR	ERROR	ERROR	ERROR
2025.06.06 03:33	ERROR	ERROR	ERROR	ERROR	ERROR
2025.06.06 03:34	ERROR	ERROR	ERROR	ERROR	ERROR
2025.06.06 03:35	ERROR	ERROR	ERROR	ERROR	ERROR
2025.06.06 03:36	ERROR	ERROR	ERROR	ERROR	ERROR
2025.06.06 03:37	ERROR	ERROR	ERROR	ERROR	ERROR
2025.06.06 03:38	ERROR	ERROR	ERROR	ERROR	ERROR
2025.06.06 03:39	ERROR	ERROR	ERROR	ERROR	ERROR
2025.06.06 03:40	ERROR	ERROR	ERROR	ERROR	ERROR
2025.06.06 03:41	ERROR	ERROR	ERROR	ERROR	ERROR
2025.06.06 03:42	ERROR	ERROR	ERROR	ERROR	ERROR
2025.06.06 03:43	ERROR	ERROR	ERROR	ERROR	ERROR
2025.06.06 03:44	ERROR	ERROR	ERROR	ERROR	ERROR
2025.06.06 03:45	ERROR	ERROR	ERROR	ERROR	ERROR
2025.06.06 03:46	ERROR	ERROR	ERROR	ERROR	ERROR
2025.06.06 03:47	ERROR	ERROR	ERROR	ERROR	ERROR
2025.06.06 03:48	ERROR	ERROR	ERROR	ERROR	ERROR
2025.06.06 03:49	ERROR	ERROR	ERROR	ERROR	ERROR
2025.06.06 03:50	ERROR	ERROR	ERROR	ERROR	ERROR
2025.06.06 03:51	ERROR	ERROR	ERROR	ERROR	ERROR
2025.06.06 03:52	ERROR	ERROR	ERROR	ERROR	ERROR
2025.06.06 03:53	ERROR	ERROR	ERROR	ERROR	ERROR
2025.06.06 03:54	ERROR	ERROR	ERROR	ERROR	ERROR
2025.06.06 03:55	ERROR	ERROR	ERROR	ERROR	ERROR
2025.06.06 03:56	ERROR	ERROR	ERROR	ERROR	ERROR
2025.06.06 03:57	ERROR	ERROR	ERROR	ERROR	ERROR
2025.06.06 03:58	ERROR	ERROR	ERROR	ERROR	ERROR
2025.06.06 03:59	ERROR	ERROR	ERROR	ERROR	ERROR
2025.06.06 04:00	ERROR	ERROR	ERROR	ERROR	ERROR
2025.06.06 04:01	ERROR	ERROR	ERROR	ERROR	ERROR
2025.06.06 04:02	ERROR	ERROR	ERROR	ERROR	ERROR
2025.06.06 04:03	ERROR	ERROR	ERROR	ERROR	ERROR
2025.06.06 04:04	ERROR	ERROR	ERROR	ERROR	ERROR
2025.06.06 04:05	ERROR	ERROR	ERROR	ERROR	ERROR
2025.06.06 04:06	ERROR	ERROR	ERROR	ERROR	ERROR
2025.06.06 04:07	ERROR	ERROR	ERROR	ERROR	ERROR
2025.06.06 04:08	ERROR	ERROR	ERROR	ERROR	ERROR
2025.06.06 04:09	ERROR	ERROR	ERROR	ERROR	ERROR
2025.06.06 04:10	ERROR	ERROR	ERROR	ERROR	ERROR
2025.06.06 04:11	ERROR	ERROR	ERROR	ERROR	ERROR
2025.06.06 04:12	ERROR	ERROR	ERROR	ERROR	ERROR
2025.06.06 04:13	ERROR	ERROR	ERROR	ERROR	ERROR
2025.06.06 04:14	ERROR	ERROR	ERROR	ERROR	ERROR
2025.06.06 04:15	ERROR	ERROR	ERROR	ERROR	ERROR
2025.06.06 04:16	ERROR	ERROR	ERROR	ERROR	ERROR
2025.06.06 04:17	ERROR	ERROR	ERROR	ERROR	ERROR
2025.06.06 04:18	ERROR	ERROR	ERROR	ERROR	ERROR
2025.06.06 04:19	ERROR	ERROR	ERROR	ERROR	ERROR
2025.06.06 04:20	ERROR	ERROR	ERROR	ERROR	ERROR
2025.06.06 04:21	ERROR	ERROR	ERROR	ERROR	ERROR
2025.06.06 04:22	ERROR	ERROR	ERROR	ERROR	ERROR
2025.06.06 04:23	ERROR	ERROR	ERROR	ERROR	ERROR
2025.06.06 04:24	ERROR	ERROR	ERROR	ERROR	ERROR
2025.06.06 04:25	ERROR	ERROR	ERROR	ERROR	ERROR
2025.06.06 04:26	ERROR	ERROR	ERROR	ERROR	ERROR
2025.06.06 04:27	ERROR	ERROR	ERROR	ERROR	ERROR
2025.06.06 04:28	ERROR	ERROR	ERROR	ERROR	ERROR
2025.06.06 04:29	ERROR	ERROR	ERROR	ERROR	ERROR
2025.06.06 04:30	ERROR	ERROR	ERROR	ERROR	ERROR
2025.06.06 04:31	ERROR	ERROR	ERROR	ERROR	ERROR
2025.06.06 04:32	ERROR	ERROR	ERROR	ERROR	ERROR
2025.06.06 04:33	ERROR	ERROR	ERROR	ERROR	ERROR
2025.06.06 04:34	ERROR	ERROR	ERROR	ERROR	ERROR
2025.06.06 04:35	ERROR	ERROR	ERROR	ERROR	ERROR
2025.06.06 04:36	ERROR	ERROR	ERROR	ERROR	ERROR
2025.06.06 04:37	ERROR	ERROR	ERROR	ERROR	ERROR
2025.06.06 04:38	ERROR	ERROR	ERROR	ERROR	ERROR
2025.06.06 04:39	ERROR	ERROR	ERROR	ERROR	ERROR
2025.06.06 04:40	ERROR	ERROR	ERROR	ERROR	ERROR
2025.06.06 04:41	ERROR	ERROR	ERROR	ERROR	ERROR
2025.06.06 04:42	ERROR	ERROR	ERROR	ERROR	ERROR
2025.06.06 04:43	ERROR	ERROR	ERROR	ERROR	ERROR
2025.06.06 04:44	ERROR	ERROR	ERROR	ERROR	ERROR
2025.06.06 04:45	ERROR	ERROR	ERROR	ERROR	ERROR
2025.06.06 04:46	ERROR	ERROR	ERROR	ERROR	ERROR
2025.06.06 04:47	ERROR	ERROR	ERROR	ERROR	ERROR
2025.06.06 04:48	ERROR	ERROR	ERROR	ERROR	ERROR
2025.06.06 04:49	ERROR	ERROR	ERROR	ERROR	ERROR
2025.06.06 04:50	ERROR	ERROR	ERROR	ERROR	ERROR
2025.06.06 04:51	ERROR	ERROR	ERROR	ERROR	ERROR
2025.06.06 04:52	ERROR	ERROR	ERROR	ERROR	ERROR
2025.06.06 04:53	ERROR	ERROR	ERROR	ERROR	ERROR
2025.06.06 04:54	ERROR	ERROR	ERROR	ERROR	ERROR
2025.06.06 04:55	ERROR	ERROR	ERROR	ERROR	ERROR
2025.06.06 04:56	ERROR	ERROR	ERROR	ERROR	ERROR
2025.06.06 04:57	ERROR	ERROR	ERROR	ERROR	ERROR
2025.06.06 04:58	ERROR	ERROR	ERROR	ERROR	ERROR
2025.06.06 04:59	ERROR	ERROR	ERROR	ERROR	ERROR
2025.06.06 05:00	ERROR	ERROR	ERROR	ERROR	ERROR
2025.06.06 05:01	ERROR	ERROR	ERROR	ERROR	ERROR
2025.06.06 05:02	ERROR	ERROR	ERROR	ERROR	ERROR
2025.06.06 05:03	ERROR	ERROR	ERROR	ERROR	ERROR
2025.06.06 05:04	ERROR	ERROR	ERROR	ERROR	ERROR
2025.06.06 05:05	ERROR	ERROR	ERROR	ERROR	ERROR
2025.06.06 05:06	ERROR	ERROR	ERROR	ERROR	ERROR
2025.06.06 05:07	ERROR	ERROR	ERROR	ERROR	ERROR
2025.06.06 05:08	ERROR	ERROR	ERROR	ERROR	ERROR
2025.06.06 05:09	ERROR	ERROR	ERROR	ERROR	ERROR
2025.06.06 05:10	ERROR	ERROR	ERROR	ERROR	ERROR
2025.06.06 05:11	ERROR	ERROR	ERROR	ERROR	ERROR
2025.06.06 05:12	ERROR	ERROR	ERROR	ERROR	ERROR
2025.06.06 05:13	ERROR	ERROR	ERROR	ERROR	ERROR
2025.06.06 05:14	ERROR	ERROR	ERROR	ERROR	ERROR
2025.06.06 05:15	ERROR	ERROR	ERROR	ERROR	ERROR
2025.06.06 05:16	ERROR	ERROR	ERROR	ERROR	ERROR
2025.06.06 05:17	ERROR	ERROR	ERROR	ERROR	ERROR
2025.06.06 05:18	ERROR	ERROR	ERROR	ERROR	ERROR
2025.06.06 05:19	ERROR	ERROR	ERROR	ERROR	ERROR
2025.06.06 05:20	ERROR	ERROR	ERROR	ERROR	ERROR
2025.06.06 05:21	ERROR	ERROR	ERROR	ERROR	ERROR
2025.06.06 05:22	ERROR	ERROR	ERROR	ERROR	ERROR
2025.06.06 05:23	ERROR	ERROR	ERROR	ERROR	ERROR
2025.06.06 05:24	ERROR	ERROR	ERROR	ERROR	ERROR
2025.06.06 05:25	ERROR	ERROR	ERROR	ERROR	ERROR
2025.06.06 05:26	ERROR	ERROR	ERROR	ERROR	ERROR
2025.06.06 05:27	ERROR	ERROR	ERROR	ERROR	ERROR
2025.06.06 05:28	ERROR	ERROR	ERROR	ERROR	ERROR
2025.06.06 05:29	ERROR	ERROR	ERROR	ERROR	ERROR
2025.06.06 05:30	ERROR	ERROR	ERROR	ERROR	ERROR
2025.06.06 05:31	ERROR	ERROR	ERROR	ERROR	ERROR
2025.06.06 05:32	ERROR	ERROR	ERROR	ERROR	ERROR
2025.06.06 05:33	ERROR	ERROR	ERROR	ERROR	ERROR
2025.06.06 05:34	ERROR	ERROR	ERROR	ERROR	ERROR
2025.06.06 05:35	ERROR	ERROR	ERROR	ERROR	ERROR
2025.06.06 05:36	ERROR	ERROR	ERROR	ERROR	ERROR
2025.06.06 05:37	ERROR	ERROR	ERROR	ERROR	ERROR
2025.06.06 05:38	ERROR	ERROR	ERROR	ERROR	ERROR
2025.06.06 05:39	ERROR	ERROR	ERROR	ERROR	ERROR
2025.06.06 05:40	ERROR	ERROR	ERROR	ERROR	ERROR
2025.06.06 05:41	ERROR	ERROR	ERROR	ERROR	ERROR
2025.06.06 05:42	ERROR	ERROR	ERROR	ERROR	ERROR
2025.06.06 05:43	ERROR	ERROR	ERROR	ERROR	ERROR
2025.06.06 05:44	ERROR	ERROR	ERROR	ERROR	ERROR
2025.06.06 05:45	ERROR	ERROR	ERROR	ERROR	ERROR
2025.06.06 05:46	ERROR	ERROR	ERROR	ERROR	ERROR
2025.06.06 05:47	ERROR	ERROR	ERROR	ERROR	ERROR
2025.06.06 05:48	ERROR	ERROR	ERROR	ERROR	ERROR
2025.06.06 05:49	ERROR	ERROR	ERROR	ERROR	ERROR
2025.06.06 05:50	ERROR	ERROR	ERROR	ERROR	ERROR
2025.06.06 05:51	ERROR	ERROR	ERROR	ERROR	ERROR
2025.06.06 05:52	ERROR	ERROR	ERROR	ERROR	ERROR
2025.06.06 05:53	ERROR	ERROR	ERROR	ERROR	ERROR
2025.06.06 05:54	ERROR	ERROR	ERROR	ERROR	ERROR
2025.06.06 05:55	ERROR	ERROR	ERROR	ERROR	ERROR
2025.06.06 05:56	ERROR	ERROR	ERROR	ERROR	ERROR
2025.06.06 05:57	ERROR	ERROR	ERROR	ERROR	ERROR
2025.06.06 05:58	ERROR	ERROR	ERROR	ERROR	ERROR
2025.06.06 05:59	ERROR	ERROR	ERROR	ERROR	ERROR
2025.06.06 06:00	ERROR	ERROR	ERROR	ERROR	ERROR
2025.06.06 06:01	ERROR	ERROR	ERROR	ERROR	ERROR
2025.06.06 06:02	ERROR	ERROR	ERROR	ERROR	ERROR
2025.06.06 06:03	ERROR	ERROR	ERROR	ERROR	ERROR
2025.06.06 06:04	ERROR	ERROR	ERROR	ERROR	ERROR
2025.06.06 06:05	ERROR	ERROR	ERROR	ERROR	ERROR
2025.06.06 06:06	ERROR	ERROR	ERROR	ERROR	ERROR
2025.06.06 06:07	ERROR	ERROR	ERROR	ERROR	ERROR
2025.06.06 06:08	ERROR	ERROR	ERROR	ERROR	ERROR
2025.06.06 06:09	ERROR	ERROR	ERROR	ERROR	ERROR
2025.06.06 06:10	ERROR	ERROR	ERROR	ERROR	ERROR
2025.06.06 06:11	ERROR	ERROR	ERROR	ERROR	ERROR
2025.06.06 06:12	ERROR	ERROR	ERROR	ERROR	ERROR
2025.06.06 06:13	ERROR	ERROR	ERROR	ERROR	ERROR
2025.06.06 06:14	ERROR	ERROR	ERROR	ERROR	ERROR
2025.06.06 06:15	ERROR	ERROR	ERROR	ERROR	ERROR
2025.06.06 06:16	ERROR	ERROR	ERROR	ERROR	ERROR
2025.06.06 06:17	ERROR	ERROR	ERROR	ERROR	ERROR
2025.06.06 06:18	ERROR	ERROR	ERROR	ERROR	ERROR
2025.06.06 06:19	ERROR	ERROR	ERROR	ERROR	ERROR
2025.06.06 06:20	ERROR	ERROR	ERROR	ERROR	ERROR
2025.06.06 06:21	ERROR	ERROR	ERROR	ERROR	ERROR
2025.06.06 06:22	ERROR	ERROR	ERROR	ERROR	ERROR
2025.06.06 06:23	ERROR	ERROR	ERROR	ERROR	ERROR
2025.06.06 06:24	ERROR	ERROR	ERROR	ERROR	ERROR
2025.06.06 06:25	ERROR	ERROR	ERROR	ERROR	ERROR
2025.06.06 06:26	ERROR	ERROR	ERROR	ERROR	ERROR
2025.06.06 06:27	ERROR	ERROR	ERROR	ERROR	ERROR
2025.06.06 06:28	ERROR	ERROR	ERROR	ERROR	ERROR
2025.06.06 06:29	ERROR	ERROR	ERROR	ERROR	ERROR
2025.06.06 06:30	ERROR	ERROR	ERROR	ERROR	ERROR
2025.06.06 06:31	ERROR	ERROR	ERROR	ERROR	ERROR
2025.06.06 06:32	ERROR	ERROR	ERROR	ERROR	ERROR
2025.06.06 06:33	ERROR	ERROR	ERROR	ERROR	ERROR
2025.06.06 06:34	ERROR	ERROR	ERROR	ERROR	ERROR
2025.06.06 06:35	ERROR	ERROR	ERROR	ERROR	ERROR
2025.06.06 06:36	ERROR	ERROR	ERROR	ERROR	ERROR
2025.06.06 06:37	ERROR	ERROR	ERROR	ERROR	ERROR
2025.06.06 06:38	ERROR	ERROR	ERROR	ERROR	ERROR
2025.06.06 06:39	ERROR	ERROR	ERROR	ERROR	ERROR
2025.06.06 06:40	ERROR	ERROR	ERROR	ERROR	ERROR
2025.06.06 06:41	ERROR	ERROR	ERROR	ERROR	ERROR
2025.06.06 06:42	ERROR	ERROR	ERROR	ERROR	ERROR
2025.06.06 06:43	ERROR	ERROR	ERROR	ERROR	ERROR
2025.06.06 06:44	ERROR	ERROR	ERROR	ERROR	ERROR
2025.06.06 06:45	ERROR	ERROR	ERROR	ERROR	ERROR
2025.06.06 06:46	ERROR	ERROR	ERROR	ERROR	ERROR
2025.06.06 06:47	ERROR	ERROR	ERROR	ERROR	ERROR
2025.06.06 06:48	ERROR	ERROR	ERROR	ERROR	ERROR
2025.06.06 06:49	ERROR	ERROR	ERROR	ERROR	ERROR
2025.06.06 06:50	ERROR	ERROR	ERROR	ERROR	ERROR
2025.06.06 06:51	ERROR	ERROR	ERROR	ERROR	ERROR
2025.06.06 06:52	ERROR	ERROR	ERROR	ERROR	ERROR
2025.06.06 06:53	ERROR	ERROR	ERROR	ERROR	ERROR
2025.06.06 06:54	ERROR	ERROR	ERROR	ERROR	ERROR
2025.06.06 06:55	ERROR	ERROR	ERROR	ERROR	ERROR
2025.06.06 06:56	ERROR	ERROR	ERROR	ERROR	ERROR
2025.06.06 06:57	ERROR	ERROR	ERROR	ERROR	ERROR
2025.06.06 06:58	ERROR	ERROR	ERROR	ERROR	ERROR
2025.06.06 06:59	ERROR	ERROR	ERROR	ERROR	ERROR
2025.06.06 07:00	ERROR	ERROR	ERROR	ERROR	ERROR
2025.06.06 07:01	ERROR	ERROR	ERROR	ERROR	ERROR
2025.06.06 07:02	ERROR	ERROR	ERROR	ERROR	ERROR
2025.06.06 07:03	ERROR	ERROR	ERROR	ERROR	ERROR
2025.06.06 07:04	ERROR	ERROR	ERROR	ERROR	ERROR
2025.06.06 07:05	ERROR	ERROR	ERROR	ERROR	ERROR
2025.06.06 07:06	ERROR	ERROR	ERROR	ERROR	ERROR
2025.06.06 07:07	ERROR	ERROR	ERROR	ERROR	ERROR
2025.06.06 07:08	ERROR	ERROR	ERROR	ERROR	ERROR
2025.06.06 07:09	ERROR	ERROR	ERROR	ERROR	ERROR
2025.06.06 07:10	ERROR	ERROR	ERROR	ERROR	ERROR
2025.06.06 07:11	ERROR	ERROR	ERROR	ERROR	ERROR
2025.06.06 07:12	ERROR	ERROR	ERROR	ERROR	ERROR
2025.06.06 07:13	ERROR	ERROR	ERROR	ERROR	ERROR
2025.06.06 07:14	ERROR	ERROR	ERROR	ERROR	ERROR
2025.06.06 07:15	ERROR	ERROR	ERROR	ERROR	ERROR
2025.06.06 07:16	ERROR	ERROR	ERROR	ERROR	ERROR
2025.06.06 07:17	ERROR	ERROR	ERROR	ERROR	ERROR
2025.06.06 07:18	ERROR	ERROR	ERROR	ERROR	ERROR
2025.06.06 07:19	ERROR	ERROR	ERROR	ERROR	ERROR
2025.06.06 07:20	ERROR	ERROR	ERROR	ERROR	ERROR
2025.06.06 07:21	ERROR	ERROR	ERROR	ERROR	ERROR
2025.06.06 07:22	ERROR	ERROR	ERROR	ERROR	ERROR
2025.06.06 07:23	ERROR	ERROR	ERROR	ERROR	ERROR
2025.06.06 07:24	ERROR	ERROR	ERROR	ERROR	ERROR
2025.06.06 07:25	ERROR	ERROR	ERROR	ERROR	ERROR
2025.06.06 07:26	ERROR	ERROR	ERROR	ERROR	ERROR
2025.06.06 07:27	ERROR	ERROR	ERROR	ERROR	ERROR
2025.06.06 07:28	ERROR	ERROR	ERROR	ERROR	ERROR
2025.06.06 07:29	ERROR	ERROR	ERROR	ERROR	ERROR
2025.06.06 07:30	ERROR	ERROR	ERROR	ERROR	ERROR
2025.06.06 07:31	ERROR	ERROR	ERROR	ERROR	ERROR
2025.06.06 07:32	ERROR	ERROR	ERROR	ERROR	ERROR
2025.06.06 07:33	ERROR	ERROR	ERROR	ERROR	ERROR
2025.06.06 07:34	ERROR	ERROR	ERROR	ERROR	ERROR
2025.06.06 07:35	ERROR	ERROR	ERROR	ERROR	ERROR
2025.06.06 07:36	ERROR	ERROR	ERROR	ERROR	ERROR
2025.06.06 07:37	ERROR	ERROR	ERROR	ERROR	ERROR
2025.06.06 07:38	ERROR	ERROR	ERROR	ERROR	ERROR
2025.06.06 07:39	ERROR	ERROR	ERROR	ERROR	ERROR
2025.06.06 07:40	ERROR	ERROR	ERROR	ERROR	ERROR
2025.06.06 07:41	ERROR	ERROR	ERROR	ERROR	ERROR
2025.06.06 07:42	ERROR	ERROR	ERROR	ERROR	ERROR
2025.06.06 07:43	ERROR	ERROR	ERROR	ERROR	ERROR
2025.06.06 07:44	ERROR	ERROR	ERROR	ERROR	ERROR
2025.06.06 07:45	ERROR	ERROR	ERROR	ERROR	ERROR
2025.06.06 07:46	ERROR	ERROR	ERROR	ERROR	ERROR
2025.06.06 07:47	ERROR	ERROR	ERROR	ERROR	ERROR
2025.06.06 07:48	ERROR	ERROR	ERROR	ERROR	ERROR
2025.06.06 07:49	ERROR	ERROR	ERROR	ERROR	ERROR
2025.06.06 07:50	ERROR	ERROR	ERROR	ERROR	ERROR
2025.06.06 07:51	ERROR	ERROR	ERROR	ERROR	ERROR
2025.06.06 07:52	ERROR	ERROR	ERROR	ERROR	ERROR
2025.06.06 07:53	ERROR	ERROR	ERROR	ERROR	ERROR
2025.06.06 07:54	ERROR	ERROR	ERROR	ERROR	ERROR
2025.06.06 07:55	ERROR	ERROR	ERROR	ERROR	ERROR
2025.06.06 07:56	ERROR	ERROR	ERROR	ERROR	ERROR
2025.06.06 07:57	ERROR	ERROR	ERROR	ERROR	ERROR
2025.06.06 07:58	ERROR	ERROR	ERROR	ERROR	ERROR
2025.06.06 07:59	ERROR	ERROR	ERROR	ERROR	ERROR
2025.06.06 08:00	ERROR	ERROR	ERROR	ERROR	ERROR
2025.06.06 08:01	ERROR	ERROR	ERROR	ERROR	ERROR
2025.06.06 08:02	ERROR	ERROR	ERROR	ERROR	ERROR
2025.06.06 08:03	ERROR	ERROR	ERROR	ERROR	ERROR
2025.06.06 08:04	ERROR	ERROR	ERROR	ERROR	ERROR
2025.06.06 08:05	ERROR	ERROR	ERROR	ERROR	ERROR
2025.06.06 08:06	ERROR	ERROR	ERROR	ERROR	ERROR
2025.06.06 08:07	ERROR	ERROR	ERROR	ERROR	ERROR
2025.06.06 08:08	ERROR	ERROR	ERROR	ERROR	ERROR
2025.06.06 08:09	ERROR	ERROR	ERROR	ERROR	ERROR
2025.06.06 08:10	ERROR	ERROR	ERROR	ERROR	ERROR
2025.06.06 08:11	ERROR	ERROR	ERROR	ERROR	ERROR
2025.06.06 08:12	ERROR	ERROR	ERROR	ERROR	ERROR
2025.06.06 08:13	ERROR	ERROR	ERROR	ERROR	ERROR
2025.06.06 08:14	ERROR	ERROR	ERROR	ERROR	ERROR
2025.06.06 08:15	ERROR	ERROR	ERROR	ERROR	ERROR
2025.06.06 08:16	ERROR	ERROR	ERROR	ERROR	ERROR
2025.06.06 08:17	ERROR	ERROR	ERROR	ERROR	ERROR
2025.06.06 08:18	ERROR	ERROR	ERROR	ERROR	ERROR
2025.06.06 08:19	ERROR	ERROR	ERROR	ERROR	ERROR
2025.06.06 08:20	ERROR	ERROR	ERROR	ERROR	ERROR
2025.06.06 08:21	ERROR	ERROR	ERROR	ERROR	ERROR
2025.06.06 08:22	ERROR	ERROR	ERROR	ERROR	ERROR
2025.06.06 08:23	ERROR	ERROR	ERROR	ERROR	ERROR
2025.06.06 08:24	ERROR	ERROR	ERROR	ERROR	ERROR
2025.06.06 08:25	ERROR	ERROR	ERROR	ERROR	ERROR
2025.06.06 08:26	ERROR	ERROR	ERROR	ERROR	ERROR
2025.06.06 08:27	ERROR	ERROR	ERROR	ERROR	ERROR
2025.06.06 08:28	ERROR	ERROR	ERROR	ERROR	ERROR
2025.06.06 08:29	ERROR	ERROR	ERROR	ERROR	ERROR
2025.06.06 08:30	ERROR	ERROR	ERROR	ERROR	ERROR
2025.06.06 08:31	ERROR	ERROR	ERROR	ERROR	ERROR
2025.06.06 08:32	ERROR	ERROR	ERROR	ERROR	ERROR
2025.06.06 08:33	ERROR	ERROR	ERROR	ERROR	ERROR
2025.06.06 08:34	ERROR	ERROR	ERROR	ERROR	ERROR
2025.06.06 08:35	ERROR	ERROR	ERROR	ERROR	ERROR
2025.06.06 08:36	ERROR	ERROR	ERROR	ERROR	ERROR
2025.06.06 08:37	ERROR	ERROR	ERROR	ERROR	ERROR
2025.06.06 08:38	ERROR	ERROR	ERROR	ERROR	ERROR
2025.06.06 08:39	ERROR	ERROR	ERROR	ERROR	ERROR
2025.06.06 08:40	ERROR	ERROR	ERROR	ERROR	ERROR
2025.06.06 08:41	ERROR	ERROR	ERROR	ERROR	ERROR
2025.06.06 08:42	ERROR	ERROR	ERROR	ERROR	ERROR
2025.06.06 08:43	ERROR	ERROR	ERROR	ERROR	ERROR
2025.06.06 08:44	ERROR	ERROR	ERROR	ERROR	ERROR
2025.06.06 08:45	ERROR	ERROR	ERROR	ERROR	ERROR
2025.06.06 08:46	ERROR	ERROR	ERROR	ERROR	ERROR
2025.06.06 08:47	ERROR	ERROR	ERROR	ERROR	ERROR
2025.06.06 08:48	ERROR	ERROR	ERROR	ERROR	ERROR
2025.06.06 08:49	ERROR	ERROR	ERROR	ERROR	ERROR
2025.06.06 08:50	ERROR	ERROR	ERROR	ERROR	ERROR
2025.06.06 08:51	ERROR	ERROR	ERROR	ERROR	ERROR
2025.06.06 08:52	ERROR	ERROR	ERROR	ERROR	ERROR
2025.06.06 08:53	ERROR	ERROR	ERROR	ERROR	ERROR
2025.06.06 08:54	ERROR	ERROR	ERROR	ERROR	ERROR
2025.06.06 08:55	ERROR	ERROR	ERROR	ERROR	ERROR
2025.06.06 08:56	ERROR	ERROR	ERROR	ERROR	ERROR
2025.06.06 08:57	ERROR	ERROR	ERROR	ERROR	ERROR
2025.06.06 08:58	ERROR	ERROR	ERROR	ERROR	ERROR
2025.06.06 08:59	ERROR	ERROR	ERROR	ERROR	ERROR
2025.06.06 09:00	ERROR	ERROR	ERROR	ERROR	ERROR
2025.06.06 09:01	ERROR	ERROR	ERROR	ERROR	ERROR
2025.06.06 09:02	ERROR	ERROR	ERROR	ERROR	ERROR
2025.06.06 09:03	ERROR	ERROR	ERROR	ERROR	ERROR
2025.06.06 09:04	ERROR	ERROR	ERROR	ERROR	ERROR
2025.06.06 09:05	ERROR	ERROR	ERROR	ERROR	ERROR
2025.06.06 09:06	ERROR	ERROR	ERROR	ERROR	ERROR
2025.06.06 09:07	ERROR	ERROR	ERROR	ERROR	ERROR
2025.06.06 09:08	ERROR	ERROR	ERROR	ERROR	ERROR
2025.06.06 09:09	ERROR	ERROR	ERROR	ERROR	ERROR
2025.06.06 09:10	ERROR	ERROR	ERROR	ERROR	ERROR
2025.06.06 09:11	ERROR	ERROR	ERROR	ERROR	ERROR
2025.06.06 09:12	ERROR	ERROR	ERROR	ERROR	ERROR
2025.06.06 09:13	ERROR	ERROR	ERROR	ERROR	ERROR
2025.06.06 09:14	ERROR	ERROR	ERROR	ERROR	ERROR
2025.06.06 09:15	ERROR	ERROR	ERROR	ERROR	ERROR
2025.06.06 09:16	ERROR	ERROR	ERROR	ERROR	ERROR
2025.06.06 09:17	ERROR	ERROR	ERROR	ERROR	ERROR
2025.06.06 09:18	ERROR	ERROR	ERROR	ERROR	ERROR
2025.06.06 09:19	ERROR	ERROR	ERROR	ERROR	ERROR
2025.06.06 09:20	ERROR	ERROR	ERROR	ERROR	ERROR
2025.06.06 09:21	ERROR	ERROR	ERROR	ERROR	ERROR
2025.06.06 09:22	ERROR	ERROR	ERROR	ERROR	ERROR
2025.06.06 09:23	ERROR	ERROR	ERROR	ERROR	ERROR
2025.06.06 09:24	ERROR	ERROR	ERROR	ERROR	ERROR
2025.06.06 09:25	ERROR	ERROR	ERROR	ERROR	ERROR
2025.06.06 09:26	ERROR	ERROR	ERROR	ERROR	ERROR
2025.06.06 09:27	ERROR	ERROR	ERROR	ERROR	ERROR
2025.06.06 09:28	ERROR	ERROR	ERROR	ERROR	ERROR
2025.06.06 09:29	ERROR	ERROR	ERROR	ERROR	ERROR
2025.06.06 09:30	ERROR	ERROR	ERROR	ERROR	ERROR
2025.06.06 09:31	ERROR	ERROR	ERROR	ERROR	ERROR
2025.06.06 09:32	ERROR	ERROR	ERROR	ERROR	ERROR
2025.06.06 09:33	ERROR	ERROR	ERROR	ERROR	ERROR
2025.06.06 09:34	ERROR	ERROR	ERROR	ERROR	ERROR
2025.06.06 09:35	ERROR	ERROR	ERROR	ERROR	ERROR
2025.06.06 09:36	ERROR	ERROR	ERROR	ERROR	ERROR
2025.06.06 09:37	ERROR	ERROR	ERROR	ERROR	ERROR
2025.06.06 09:38	ERROR	ERROR	ERROR	ERROR	ERROR
2025.06.06 09:39	ERROR	ERROR	ERROR	ERROR	ERROR
2025.06.06 09:40	ERROR	ERROR	ERROR	ERROR	ERROR
2025.06.06 09:41	ERROR	ERROR	ERROR	ERROR	ERROR
2025.06.06 09:42	ERROR	ERROR	ERROR	ERROR	ERROR
2025.06.06 09:43	ERROR	ERROR	ERROR	ERROR	ERROR
2025.06.06 09:44	ERROR	ERROR	ERROR	ERROR	ERROR
2025.06.06 09:45	ERROR	ERROR	ERROR	ERROR	ERROR
2025.06.06 09:46	ERROR	ERROR	ERROR	ERROR	ERROR
2025.06.06 09:47	ERROR	ERROR	ERROR	ERROR	ERROR
2025.06.06 09:48	ERROR	ERROR	ERROR	ERROR	ERROR
2025.06.06 09:49	ERROR	ERROR	ERROR	ERROR	ERROR
2025.06.06 09:50	ERROR	ERROR	ERROR	ERROR	ERROR
2025.06.06 09:51	ERROR	ERROR	ERROR	ERROR	ERROR
2025.06.06 09:52	ERROR	ERROR	ERROR	ERROR	ERROR
2025.06.06 09:53	ERROR	ERROR	ERROR	ERROR	ERROR
2025.06.06 09:54	ERROR	ERROR	ERROR	ERROR	ERROR
2025.06.06 09:55	ERROR	ERROR	ERROR	ERROR	ERROR
2025.06.06 09:56	ERROR	ERROR	ERROR	ERROR	ERROR
2025.06.06 09:57	ERROR	ERROR	ERROR	ERROR	ERROR
2025.06.06 09:58	ERROR	ERROR	ERROR	ERROR	ERROR
2025.06.06 09:59	ERROR	ERROR	ERROR	ERROR	ERROR
2025.06.06 10:00	ERROR	ERROR	ERROR	ERROR	ERROR
2025.06.06 10:01	ERROR	ERROR	ERROR	ERROR	ERROR
2025.06.06 10:02	ERROR	ERROR	ERROR	ERROR	ERROR
2025.06.06 10:03	ERROR	ERROR	ERROR	ERROR	ERROR
2025.06.06 10:04	ERROR	ERROR	ERROR	ERROR	ERROR
2025.06.06 10:05	ERROR	ERROR	ERROR	ERROR	ERROR
2025.06.06 10:06	ERROR	ERROR	ERROR	ERROR	ERROR
2025.06.06 10:07	ERROR	ERROR	ERROR	ERROR	ERROR
2025.06.06 10:08	ERROR	ERROR	ERROR	ERROR	ERROR
2025.06.06 10:09	ERROR	ERROR	ERROR	ERROR	ERROR
2025.06.06 10:10	ERROR	ERROR	ERROR	ERROR	ERROR
2025.06.06 10:11	ERROR	ERROR	ERROR	ERROR	ERROR
2025.06.06 10:12	ERROR	ERROR	ERROR	ERROR	ERROR
2025.06.06 10:13	ERROR	ERROR	ERROR	ERROR	ERROR
2025.06.06 10:14	ERROR	ERROR	ERROR	ERROR	ERROR
2025.06.06 10:15	ERROR	ERROR	ERROR	ERROR	ERROR
2025.06.06 10:16	ERROR	ERROR	ERROR	ERROR	ERROR
2025.06.06 10:17	ERROR	ERROR	ERROR	ERROR	ERROR
2025.06.06 10:18	ERROR	ERROR	ERROR	ERROR	ERROR
2025.06.06 10:19	ERROR	ERROR	ERROR	ERROR	ERROR
2025.06.06 10:20	ERROR	ERROR	ERROR	ERROR	ERROR
2025.06.06 10:21	ERROR	ERROR	ERROR	ERROR	ERROR
2025.06.06 10:22	ERROR	ERROR	ERROR	ERROR	ERROR
2025.06.06 10:23	ERROR	ERROR	ERROR	ERROR	ERROR
2025.06.06 10:24	ERROR	ERROR	ERROR	ERROR	ERROR
2025.06.06 10:25	ERROR	ERROR	ERROR	ERROR	ERROR
2025.06.06 10:26	ERROR	ERROR	ERROR	ERROR	ERROR
2025.06.06 10:27	ERROR	ERROR	ERROR	ERROR	ERROR
2025.06.06 10:28	ERROR	ERROR	ERROR	ERROR	ERROR
2025.06.06 10:29	ERROR	ERROR	ERROR	ERROR	ERROR
2025.06.06 10:30	ERROR	ERROR	ERROR	ERROR	ERROR
2025.06.06 10:31	ERROR	ERROR	ERROR	ERROR	ERROR
2025.06.06 10:32	ERROR	ERROR	ERROR	ERROR	ERROR
2025.06.06 10:33	ERROR	ERROR	ERROR	ERROR	ERROR
2025.06.06 10:34	ERROR	ERROR	ERROR	ERROR	ERROR
2025.06.06 10:35	ERROR	ERROR	ERROR	ERROR	ERROR
2025.06.06 10:36	ERROR	ERROR	ERROR	ERROR	ERROR
2025.06.06 10:37	ERROR	ERROR	ERROR	ERROR	ERROR
2025.06.06 10:38	ERROR	ERROR	ERROR	ERROR	ERROR
2025.06.06 10:39	ERROR	ERROR	ERROR	ERROR	ERROR
2025.06.06 10:40	ERROR	ERROR	ERROR	ERROR	ERROR
2025.06.06 10:41	ERROR	ERROR	ERROR	ERROR	ERROR
2025.06.06 10:42	ERROR	ERROR	ERROR	ERROR	ERROR
2025.06.06 10:43	ERROR	ERROR	ERROR	ERROR	ERROR
2025.06.06 10:44	ERROR	ERROR	ERROR	ERROR	ERROR
2025.06.06 10:45	ERROR	ERROR	ERROR	ERROR	ERROR
2025.06.06 10:46	ERROR	ERROR	ERROR	ERROR	ERROR
2025.06.06 10:47	ERROR	ERROR	ERROR	ERROR	ERROR
2025.06.06 10:48	ERROR	ERROR	ERROR	ERROR	ERROR
2025.06.06 10:49	ERROR	ERROR	ERROR	ERROR	ERROR
2025.06.06 10:50	ERROR	ERROR	ERROR	ERROR	ERROR
2025.06.06 10:51	ERROR	ERROR	ERROR	ERROR	ERROR
2025.06.06 10:52	ERROR	ERROR	ERROR	ERROR	ERROR
2025.06.06 10:53	ERROR	ERROR	ERROR	ERROR	ERROR
2025.06.06 10:54	ERROR	ERROR	ERROR	ERROR	ERROR
2025.06.06 10:55	ERROR	ERROR	ERROR	ERROR	ERROR
2025.06.06 10:56	ERROR	ERROR	ERROR	ERROR	ERROR
2025.06.06 10:57	ERROR	ERROR	ERROR	ERROR	ERROR
2025.06.06 10:58	ERROR	ERROR	ERROR	ERROR	ERROR
2025.06.06 10:59	ERROR	ERROR	ERROR	ERROR	ERROR
2025.06.06 11:00	ERROR	ERROR	ERROR	ERROR	ERROR
2025.06.06 11:01	ERROR	ERROR	ERROR	ERROR	ERROR
2025.06.06 11:02	ERROR	ERROR	ERROR	ERROR	ERROR
2025.06.06 11:03	ERROR	ERROR	ERROR	ERROR	ERROR
2025.06.06 11:04	ERROR	ERROR	ERROR	ERROR	ERROR
2025.06.06 11:05	ERROR	ERROR	ERROR	ERROR	ERROR
2025.06.06 11:06	ERROR	ERROR	ERROR	ERROR	ERROR
2025.06.06 11:07	ERROR	ERROR	ERROR	ERROR	ERROR
2025.06.06 11:08	ERROR	ERROR	ERROR	ERROR	ERROR
2025.06.06 11:09	ERROR	ERROR	ERROR	ERROR	ERROR
2025.06.06 11:10	ERROR	ERROR	ERROR	ERROR	ERROR
2025.06.06 11:11	ERROR	ERROR	ERROR	ERROR	ERROR
2025.06.06 11:12	ERROR	ERROR	ERROR	ERROR	ERROR
2025.06.06 11:13	ERROR	ERROR	ERROR	ERROR	ERROR
2025.06.06 11:14	ERROR	ERROR	ERROR	ERROR	ERROR
2025.06.06 11:15	ERROR	ERROR	ERROR	ERROR	ERROR
2025.06.06 11:16	ERROR	ERROR	ERROR	ERROR	ERROR
2025.06.06 11:17	ERROR	ERROR	ERROR	ERROR	ERROR
2025.06.06 11:18	ERROR	ERROR	ERROR	ERROR	ERROR
2025.06.06 11:19	ERROR	ERROR	ERROR	ERROR	ERROR
2025.06.06 11:20	ERROR	ERROR	ERROR	ERROR	ERROR
2025.06.06 11:21	ERROR	ERROR	ERROR	ERROR	ERROR
2025.06.06 11:22	ERROR	ERROR	ERROR	ERROR	ERROR
2025.06.06 11:23	ERROR	ERROR	ERROR	ERROR	ERROR
2025.06.06 11:24	ERROR	ERROR	ERROR	ERROR	ERROR
2025.06.06 11:25	ERROR	ERROR	ERROR	ERROR	ERROR
2025.06.06 11:26	ERROR	ERROR	ERROR	ERROR	ERROR
2025.06.06 11:27	ERROR	ERROR	ERROR	ERROR	ERROR
2025.06.06 11:28	ERROR	ERROR	ERROR	ERROR	ERROR
2025.06.06 11:29	ERROR	ERROR	ERROR	ERROR	ERROR
2025.06.06 11:30	ERROR	ERROR	ERROR	ERROR	ERROR
2025.06.06 11:31	ERROR	ERROR	ERROR	ERROR	ERROR
2025.06.06 11:32	ERROR	ERROR	ERROR	ERROR	ERROR
2025.06.06 11:33	ERROR	ERROR	ERROR	ERROR	ERROR
2025.06.06 11:34	ERROR	ERROR	ERROR	ERROR	ERROR
2025.06.06 11:35	ERROR	ERROR	ERROR	ERROR	ERROR
2025.06.06 11:36	ERROR	ERROR	ERROR	ERROR	ERROR
2025.06.06 11:37	ERROR	ERROR	ERROR	ERROR	ERROR
2025.06.06 11:38	ERROR	ERROR	ERROR	ERROR	ERROR
2025.06.06 11:39	ERROR	ERROR	ERROR	ERROR	ERROR
2025.06.06 11:40	ERROR	ERROR	ERROR	ERROR	ERROR
2025.06.06 11:41	ERROR	ERROR	ERROR	ERROR	ERROR
2025.06.06 11:42	ERROR	ERROR	ERROR	ERROR	ERROR
2025.06.06 11:43	ERROR	ERROR	ERROR	ERROR	ERROR
2025.06.06 11:44	ERROR	ERROR	ERROR	ERROR	ERROR
2025.06.06 11:45	ERROR	ERROR	ERROR	ERROR	ERROR
2025.06.06 11:46	ERROR	ERROR	ERROR	ERROR	ERROR
2025.06.06 11:47	ERROR	ERROR	ERROR	ERROR	ERROR
2025.06.06 11:48	ERROR	ERROR	ERROR	ERROR	ERROR
2025.06.06 11:49	ERROR	ERROR	ERROR	ERROR	ERROR
2025.06.06 11:50	ERROR	ERROR	ERROR	ERROR	ERROR
2025.06.06 11:51	ERROR	ERROR	ERROR	ERROR	ERROR
2025.06.06 11:52	ERROR	ERROR	ERROR	ERROR	ERROR
2025.06.06 11:53	ERROR	ERROR	ERROR	ERROR	ERROR
2025.06.06 11:54	ERROR	ERROR	ERROR	ERROR	ERROR
2025.06.06 11:55	ERROR	ERROR	ERROR	ERROR	ERROR
2025.06.06 11:56	ERROR	ERROR	ERROR	ERROR	ERROR
2025.06.06 11:57	ERROR	ERROR	ERROR	ERROR	ERROR
2025.06.06 11:58	ERROR	ERROR	ERROR	ERROR	ERROR
2025.06.06 11:59	ERROR	ERROR	ERROR	ERROR	ERROR
2025.06.06 12:00	ERROR	ERROR	ERROR	ERROR	ERROR
2025.06.06 12:01	ERROR	ERROR	ERROR	ERROR	ERROR
2025.06.06 12:02	ERROR	ERROR	ERROR	ERROR	ERROR
2025.06.06 12:03	ERROR	ERROR	ERROR	ERROR	ERROR
2025.06.06 12:04	ERROR	ERROR	ERROR	ERROR	ERROR
2025.06.06 12:05	ERROR	ERROR	ERROR	ERROR	ERROR
2025.06.06 12:06	ERROR	ERROR	ERROR	ERROR	ERROR
2025.06.06 12:07	ERROR	ERROR	ERROR	ERROR	ERROR
2025.06.06 12:08	ERROR	ERROR	ERROR	ERROR	ERROR
2025.06.06 12:09	ERROR	ERROR	ERROR	ERROR	ERROR
2025.06.06 12:10	ERROR	ERROR	ERROR	ERROR	ERROR
2025.06.06 12:11	ERROR	ERROR	ERROR	ERROR	ERROR
2025.06.06 12:12	ERROR	ERROR	ERROR	ERROR	ERROR
2025.06.06 12:13	ERROR	ERROR	ERROR	ERROR	ERROR
2025.06.06 12:14	ERROR	ERROR	ERROR	ERROR	ERROR
2025.06.06 12:15	ERROR	ERROR	ERROR	ERROR	ERROR
2025.06.06 12:16	ERROR	ERROR	ERROR	ERROR	ERROR
2025.06.06 12:17	ERROR	ERROR	ERROR	ERROR	ERROR
2025.06.06 12:18	ERROR	ERROR	ERROR	ERROR	ERROR
2025.06.06 12:19	ERROR	ERROR	ERROR	ERROR	ERROR
2025.06.06 12:20	ERROR	ERROR	ERROR	ERROR	ERROR
2025.06.06 12:21	ERROR	ERROR	ERROR	ERROR	ERROR
2025.06.06 12:22	ERROR	ERROR	ERROR	ERROR	ERROR
2025.06.06 12:23	ERROR	ERROR	ERROR	ERROR	ERROR
2025.06.06 12:24	ERROR	ERROR	ERROR	ERROR	ERROR
2025.06.06 12:25	ERROR	ERROR	ERROR	ERROR	ERROR
2025.06.06 12:26	ERROR	ERROR	ERROR	ERROR	ERROR
2025.06.06 12:27	ERROR	ERROR	ERROR	ERROR	ERROR
2025.06.06 12:28	ERROR	ERROR	ERROR	ERROR	ERROR
2025.06.06 12:29	ERROR	ERROR	ERROR	ERROR	ERROR
2025.06.06 12:30	ERROR	ERROR	ERROR	ERROR	ERROR
2025.06.06 12:31	ERROR	ERROR	ERROR	ERROR	ERROR
2025.06.06 12:32	ERROR	ERROR	ERROR	ERROR	ERROR
2025.06.06 12:33	ERROR	ERROR	ERROR	ERROR	ERROR
2025.06.06 12:34	ERROR	ERROR	ERROR	ERROR	ERROR
2025.06.06 12:35	ERROR	ERROR	ERROR	ERROR	ERROR
2025.06.06 12:36	ERROR	ERROR	ERROR	ERROR	ERROR
2025.06.06 12:37	ERROR	ERROR	ERROR	ERROR	ERROR
2025.06.06 12:38	ERROR	ERROR	ERROR	ERROR	ERROR
2025.06.06 12:39	ERROR	ERROR	ERROR	ERROR	ERROR
2025.06.06 12:40	ERROR	ERROR	ERROR	ERROR	ERROR
2025.06.06 12:41	ERROR	ERROR	ERROR	ERROR	ERROR
2025.06.06 12:42	ERROR	ERROR	ERROR	ERROR	ERROR
2025.06.06 12:43	ERROR	ERROR	ERROR	ERROR	ERROR
2025.06.06 12:44	ERROR	ERROR	ERROR	ERROR	ERROR
2025.06.06 12:45	ERROR	ERROR	ERROR	ERROR	ERROR
2025.06.06 12:46	ERROR	ERROR	ERROR	ERROR	ERROR
2025.06.06 12:47	ERROR	ERROR	ERROR	ERROR	ERROR
2025.06.06 12:48	ERROR	ERROR	ERROR	ERROR	ERROR
2025.06.06 12:49	ERROR	ERROR	ERROR	ERROR	ERROR
2025.06.06 12:50	ERROR	ERROR	ERROR	ERROR	ERROR
2025.06.06 12:51	ERROR	ERROR	ERROR	ERROR	ERROR
2025.06.06 12:52	ERROR	ERROR	ERROR	ERROR	ERROR
2025.06.06 12:53	ERROR	ERROR	ERROR	ERROR	ERROR
2025.06.06 12:54	ERROR	ERROR	ERROR	ERROR	ERROR
2025.06.06 12:55	ERROR	ERROR	ERROR	ERROR	ERROR
2025.06.06 12:56	ERROR	ERROR	ERROR	ERROR	ERROR
2025.06.06 12:57	ERROR	ERROR	ERROR	ERROR	ERROR
2025.06.06 12:58	ERROR	ERROR	ERROR	ERROR	ERROR
2025.06.06 12:59	ERROR	ERROR	ERROR	ERROR	ERROR
2025.06.06 13:00	ERROR	ERROR	ERROR	ERROR	ERROR
2025.06.06 13:01	ERROR	ERROR	ERROR	ERROR	ERROR
2025.06.06 13:02	ERROR	ERROR	ERROR	ERROR	ERROR
2025.06.06 13:03	ERROR	ERROR	ERROR	ERROR	ERROR
2025.06.06 13:04	ERROR	ERROR	ERROR	ERROR	ERROR
2025.06.06 13:05	ERROR	ERROR	ERROR	ERROR	ERROR
2025.06.06 13:06	ERROR	ERROR	ERROR	ERROR	ERROR
2025.06.06 13:07	ERROR	ERROR	ERROR	ERROR	ERROR
2025.06.06 13:08	ERROR	ERROR	ERROR	ERROR	ERROR
2025.06.06 13:09	ERROR	ERROR	ERROR	ERROR	ERROR
2025.06.06 13:10	ERROR	ERROR	ERROR	ERROR	ERROR
2025.06.06 13:11	ERROR	ERROR	ERROR	ERROR	ERROR
2025.06.06 13:12	ERROR	ERROR	ERROR	ERROR	ERROR
2025.06.06 13:13	ERROR	ERROR	ERROR	ERROR	ERROR
2025.06.06 13:14	ERROR	ERROR	ERROR	ERROR	ERROR
2025.06.06 13:15	ERROR	ERROR	ERROR	ERROR	ERROR
2025.06.06 13:16	ERROR	ERROR	ERROR	ERROR	ERROR
2025.06.06 13:17	ERROR	ERROR	ERROR	ERROR	ERROR
2025.06.06 13:18	ERROR	ERROR	ERROR	ERROR	ERROR
2025.06.06 13:19	ERROR	ERROR	ERROR	ERROR	ERROR
2025.06.06 13:20	ERROR	ERROR	ERROR	ERROR	ERROR
2025.06.06 13:21	ERROR	ERROR	ERROR	ERROR	ERROR
2025.06.06 13:22	ERROR	ERROR	ERROR	ERROR	ERROR
2025.06.06 13:23	ERROR	ERROR	ERROR	ERROR	ERROR
2025.06.06 13:24	ERROR	ERROR	ERROR	ERROR	ERROR
2025.06.06 13:25	ERROR	ERROR	ERROR	ERROR	ERROR
2025.06.06 13:26	ERROR	ERROR	ERROR	ERROR	ERROR
2025.06.06 13:27	ERROR	ERROR	ERROR	ERROR	ERROR
2025.06.06 13:28	ERROR	ERROR	ERROR	ERROR	ERROR
2025.06.06 13:29	ERROR	ERROR	ERROR	ERROR	ERROR
2025.06.06 13:30	ERROR	ERROR	ERROR	ERROR	ERROR
2025.06.06 13:31	ERROR	ERROR	ERROR	ERROR	ERROR
2025.06.06 13:32	ERROR	ERROR	ERROR	ERROR	ERROR
2025.06.06 13:33	ERROR	ERROR	ERROR	ERROR	ERROR
2025.06.06 13:34	ERROR	ERROR	ERROR	ERROR	ERROR
2025.06.06 13:35	ERROR	ERROR	ERROR	ERROR	ERROR
2025.06.06 13:36	ERROR	ERROR	ERROR	ERROR	ERROR
2025.06.06 13:37	ERROR	ERROR	ERROR	ERROR	ERROR
2025.06.06 13:38	ERROR	ERROR	ERROR	ERROR	ERROR
2025.06.06 13:39	ERROR	ERROR	ERROR	ERROR	ERROR
2025.06.06 13:40	ERROR	ERROR	ERROR	ERROR	ERROR
2025.06.06 13:41	ERROR	ERROR	ERROR	ERROR	ERROR
2025.06.06 13:42	ERROR	ERROR	ERROR	ERROR	ERROR
2025.06.06 13:43	ERROR	ERROR	ERROR	ERROR	ERROR
2025.06.06 13:44	ERROR	ERROR	ERROR	ERROR	ERROR
2025.06.06 13:45	ERROR	ERROR	ERROR	ERROR	ERROR
2025.06.06 13:46	ERROR	ERROR	ERROR	ERROR	ERROR
2025.06.06 13:47	ERROR	ERROR	ERROR	ERROR	ERROR
2025.06.06 13:48	ERROR	ERROR	ERROR	ERROR	ERROR
2025.06.06 13:49	ERROR	ERROR	ERROR	ERROR	ERROR
2025.06.06 13:50	ERROR	ERROR	ERROR	ERROR	ERROR
2025.06.06 13:51	ERROR	ERROR	ERROR	ERROR	ERROR
2025.06.06 13:52	ERROR	ERROR	ERROR	ERROR	ERROR
2025.06.06 13:53	ERROR	ERROR	ERROR	ERROR	ERROR
2025.06.06 13:54	ERROR	ERROR	ERROR	ERROR	ERROR
2025.06.06 13:55	ERROR	ERROR	ERROR	ERROR	ERROR
2025.06.06 13:56	ERROR	ERROR	ERROR	ERROR	ERROR
2025.06.06 13:57	ERROR	ERROR	ERROR	ERROR	ERROR
2025.06.06 13:58	ERROR	ERROR	ERROR	ERROR	ERROR
2025.06.06 13:59	ERROR	ERROR	ERROR	ERROR	ERROR
2025.06.06 14:00	ERROR	ERROR	ERROR	ERROR	ERROR
2025.06.06 14:01	ERROR	ERROR	ERROR	ERROR	ERROR
2025.06.06 14:02	ERROR	ERROR	ERROR	ERROR	ERROR
2025.06.06 14:03	ERROR	ERROR	ERROR	ERROR	ERROR
2025.06.06 14:04	ERROR	ERROR	ERROR	ERROR	ERROR
2025.06.06 14:05	ERROR	ERROR	ERROR	ERROR	ERROR
2025.06.06 14:06	ERROR	ERROR	ERROR	ERROR	ERROR
2025.06.06 14:07	ERROR	ERROR	ERROR	ERROR	ERROR
2025.06.06 14:08	ERROR	ERROR	ERROR	ERROR	ERROR
2025.06.06 14:09	ERROR	ERROR	ERROR	ERROR	ERROR
2025.06.06 14:10	ERROR	ERROR	ERROR	ERROR	ERROR
2025.06.06 14:11	ERROR	ERROR	ERROR	ERROR	ERROR
2025.06.06 14:12	ERROR	ERROR	ERROR	ERROR	ERROR
2025.06.06 14:13	ERROR	ERROR	ERROR	ERROR	ERROR
2025.06.06 14:14	ERROR	ERROR	ERROR	ERROR	ERROR
2025.06.06 14:15	ERROR	ERROR	ERROR	ERROR	ERROR
2025.06.06 14:16	ERROR	ERROR	ERROR	ERROR	ERROR
2025.06.06 14:17	ERROR	ERROR	ERROR	ERROR	ERROR
2025.06.06 14:18	ERROR	ERROR	ERROR	ERROR	ERROR
2025.06.06 14:19	ERROR	ERROR	ERROR	ERROR	ERROR
2025.06.06 14:20	ERROR	ERROR	ERROR	ERROR	ERROR
2025.06.06 14:21	ERROR	ERROR	ERROR	ERROR	ERROR
2025.06.06 14:22	ERROR	ERROR	ERROR	ERROR	ERROR
2025.06.06 14:23	ERROR	ERROR	ERROR	ERROR	ERROR
2025.06.06 14:24	ERROR	ERROR	ERROR	ERROR	ERROR
2025.06.06 14:25	ERROR	ERROR	ERROR	ERROR	ERROR
2025.06.06 14:26	ERROR	ERROR	ERROR	ERROR	ERROR
2025.06.06 14:27	ERROR	ERROR	ERROR	ERROR	ERROR
2025.06.06 14:28	ERROR	ERROR	ERROR	ERROR	ERROR
2025.06.06 14:29	ERROR	ERROR	ERROR	ERROR	ERROR
2025.06.06 14:30	ERROR	ERROR	ERROR	ERROR	ERROR
2025.06.06 14:31	ERROR	ERROR	ERROR	ERROR	ERROR
2025.06.06 14:32	ERROR	ERROR	ERROR	ERROR	ERROR
2025.06.06 14:33	ERROR	ERROR	ERROR	ERROR	ERROR
2025.06.06 14:34	ERROR	ERROR	ERROR	ERROR	ERROR
2025.06.06 14:35	ERROR	ERROR	ERROR	ERROR	ERROR
2025.06.06 14:36	ERROR	ERROR	ERROR	ERROR	ERROR
2025.06.06 14:37	ERROR	ERROR	ERROR	ERROR	ERROR
2025.06.06 14:38	ERROR	ERROR	ERROR	ERROR	ERROR
2025.06.06 14:39	ERROR	ERROR	ERROR	ERROR	ERROR
2025.06.06 14:40	ERROR	ERROR	ERROR	ERROR	ERROR
2025.06.06 14:41	ERROR	ERROR	ERROR	ERROR	ERROR
2025.06.06 14:42	ERROR	ERROR	ERROR	ERROR	ERROR
2025.06.06 14:43	ERROR	ERROR	ERROR	ERROR	ERROR
2025.06.06 14:44	ERROR	ERROR	ERROR	ERROR	ERROR
2025.06.06 14:45	ERROR	ERROR	ERROR	ERROR	ERROR
2025.06.06 14:46	ERROR	ERROR	ERROR	ERROR	ERROR
2025.06.06 14:47	ERROR	ERROR	ERROR	ERROR	ERROR
2025.06.06 14:48	ERROR	ERROR	ERROR	ERROR	ERROR
2025.06.06 14:49	ERROR	ERROR	ERROR	ERROR	ERROR
2025.06.06 14:50	ERROR	ERROR	ERROR	ERROR	ERROR
2025.06.06 14:51	ERROR	ERROR	ERROR	ERROR	ERROR
2025.06.06 14:52	ERROR	ERROR	ERROR	ERROR	ERROR
2025.06.06 14:53	ERROR	ERROR	ERROR	ERROR	ERROR
2025.06.06 14:54	ERROR	ERROR	ERROR	ERROR	ERROR
2025.06.06 14:55	ERROR	ERROR	ERROR	ERROR	ERROR
2025.06.06 14:56	ERROR	ERROR	ERROR	ERROR	ERROR
2025.06.06 14:57	ERROR	ERROR	ERROR	ERROR	ERROR
2025.06.06 14:58	ERROR	ERROR	ERROR	ERROR	ERROR
2025.06.06 14:59	ERROR	ERROR	ERROR	ERROR	ERROR
2025.06.06 15:00	ERROR	ERROR	ERROR	ERROR	ERROR
2025.06.06 15:01	ERROR	ERROR	ERROR	ERROR	ERROR
2025.06.06 15:02	ERROR	ERROR	ERROR	ERROR	ERROR
2025.06.06 15:03	ERROR	ERROR	ERROR	ERROR	ERROR
2025.06.06 15:04	ERROR	ERROR	ERROR	ERROR	ERROR
2025.06.06 15:05	ERROR	ERROR	ERROR	ERROR	ERROR
2025.06.06 15:06	ERROR	ERROR	ERROR	ERROR	ERROR
2025.06.06 15:07	ERROR	ERROR	ERROR	ERROR	ERROR
2025.06.06 15:08	ERROR	ERROR	ERROR	ERROR	ERROR
2025.06.06 15:09	ERROR	ERROR	ERROR	ERROR	ERROR
2025.06.06 15:10	ERROR	ERROR	ERROR	ERROR	ERROR
2025.06.06 15:11	ERROR	ERROR	ERROR	ERROR	ERROR
2025.06.06 15:12	ERROR	ERROR	ERROR	ERROR	ERROR
2025.06.06 15:13	ERROR	ERROR	ERROR	ERROR	ERROR
2025.06.06 15:14	ERROR	ERROR	ERROR	ERROR	ERROR
2025.06.06 15:15	ERROR	ERROR	ERROR	ERROR	ERROR
2025.06.06 15:16	ERROR	ERROR	ERROR	ERROR	ERROR
2025.06.06 15:17	ERROR	ERROR	ERROR	ERROR	ERROR
2025.06.06 15:18	ERROR	ERROR	ERROR	ERROR	ERROR
2025.06.06 15:19	ERROR	ERROR	ERROR	ERROR	ERROR
2025.06.06 15:20	ERROR	ERROR	ERROR	ERROR	ERROR
2025.06.06 15:21	ERROR	ERROR	ERROR	ERROR	ERROR
2025.06.06 15:22	ERROR	ERROR	ERROR	ERROR	ERROR
2025.06.06 15:23	ERROR	ERROR	ERROR	ERROR	ERROR
2025.06.06 15:24	ERROR	ERROR	ERROR	ERROR	ERROR
2025.06.06 15:25	ERROR	ERROR	ERROR	ERROR	ERROR
2025.06.06 15:26	ERROR	ERROR	ERROR	ERROR	ERROR
2025.06.06 15:27	ERROR	ERROR	ERROR	ERROR	ERROR
2025.06.06 15:28	ERROR	ERROR	ERROR	ERROR	ERROR
2025.06.06 15:29	ERROR	ERROR	ERROR	ERROR	ERROR
2025.06.06 15:30	ERROR	ERROR	ERROR	ERROR	ERROR
2025.06.06 15:31	ERROR	ERROR	ERROR	ERROR	ERROR
2025.06.06 15:32	ERROR	ERROR	ERROR	ERROR	ERROR
2025.06.06 15:33	ERROR	ERROR	ERROR	ERROR	ERROR
2025.06.06 15:34	ERROR	ERROR	ERROR	ERROR	ERROR
2025.06.06 15:35	ERROR	ERROR	ERROR	ERROR	ERROR
2025.06.06 15:36	ERROR	ERROR	ERROR	ERROR	ERROR
2025.06.06 15:37	ERROR	ERROR	ERROR	ERROR	ERROR
2025.06.06 15:38	ERROR	ERROR	ERROR	ERROR	ERROR
2025.06.06 15:39	ERROR	ERROR	ERROR	ERROR	ERROR
2025.06.06 15:40	ERROR	ERROR	ERROR	ERROR	ERROR
2025.06.06 15:41	ERROR	ERROR	ERROR	ERROR	ERROR
2025.06.06 15:42	ERROR	ERROR	ERROR	ERROR	ERROR
2025.06.06 15:43	ERROR	ERROR	ERROR	ERROR	ERROR
2025.06.06 15:44	ERROR	ERROR	ERROR	ERROR	ERROR
2025.06.06 15:45	ERROR	ERROR	ERROR	ERROR	ERROR
2025.06.06 15:46	ERROR	ERROR	ERROR	ERROR	ERROR
2025.06.06 15:47	ERROR	ERROR	ERROR	ERROR	ERROR
2025.06.06 15:48	ERROR	ERROR	ERROR	ERROR	ERROR
2025.06.06 15:49	ERROR	ERROR	ERROR	ERROR	ERROR
2025.06.06 15:50	ERROR	ERROR	ERROR	ERROR	ERROR
2025.06.06 15:51	ERROR	ERROR	ERROR	ERROR	ERROR
2025.06.06 15:52	ERROR	ERROR	ERROR	ERROR	ERROR
2025.06.06 15:53	ERROR	ERROR	ERROR	ERROR	ERROR
2025.06.06 15:54	ERROR	ERROR	ERROR	ERROR	ERROR
2025.06.06 15:55	ERROR	ERROR	ERROR	ERROR	ERROR
2025.06.06 15:56	ERROR	ERROR	ERROR	ERROR	ERROR
2025.06.06 15:57	ERROR	ERROR	ERROR	ERROR	ERROR
2025.06.06 15:58	ERROR	ERROR	ERROR	ERROR	ERROR
2025.06.06 15:59	ERROR	ERROR	ERROR	ERROR	ERROR
2025.06.06 16:00	ERROR	ERROR	ERROR	ERROR	ERROR
2025.06.06 16:01	ERROR	ERROR	ERROR	ERROR	ERROR
2025.06.06 16:02	ERROR	ERROR	ERROR	ERROR	ERROR
2025.06.06 16:03	ERROR	ERROR	ERROR	ERROR	ERROR
2025.06.06 16:04	ERROR	ERROR	ERROR	ERROR	ERROR
2025.06.06 16:05	ERROR	ERROR	ERROR	ERROR	ERROR
2025.06.06 16:06	ERROR	ERROR	ERROR	ERROR	ERROR
2025.06.06 16:07	ERROR	ERROR	ERROR	ERROR	ERROR
2025.06.06 16:08	ERROR	ERROR	ERROR	ERROR	ERROR
2025.06.06 16:09	ERROR	ERROR	ERROR	ERROR	ERROR
2025.06.06 16:10	ERROR	ERROR	ERROR	ERROR	ERROR
2025.06.06 16:11	ERROR	ERROR	ERROR	ERROR	ERROR
2025.06.06 16:12	ERROR	ERROR	ERROR	ERROR	ERROR
2025.06.06 16:13	ERROR	ERROR	ERROR	ERROR	ERROR
2025.06.06 16:14	ERROR	ERROR	ERROR	ERROR	ERROR
2025.06.06 16:15	ERROR	ERROR	ERROR	ERROR	ERROR
2025.06.06 16:16	ERROR	ERROR	ERROR	ERROR	ERROR
2025.06.06 16:17	ERROR	ERROR	ERROR	ERROR	ERROR
2025.06.06 16:18	ERROR	ERROR	ERROR	ERROR	ERROR
2025.06.06 16:19	ERROR	ERROR	ERROR	ERROR	ERROR
2025.06.06 16:20	ERROR	ERROR	ERROR	ERROR	ERROR
2025.06.06 16:21	ERROR	ERROR	ERROR	ERROR	ERROR
2025.06.06 16:22	ERROR	ERROR	ERROR	ERROR	ERROR
2025.06.06 16:23	ERROR	ERROR	ERROR	ERROR	ERROR
2025.06.06 16:24	ERROR	ERROR	ERROR	ERROR	ERROR
2025.06.06 16:25	ERROR	ERROR	ERROR	ERROR	ERROR
2025.06.06 16:26	ERROR	ERROR	ERROR	ERROR	ERROR
2025.06.06 16:27	ERROR	ERROR	ERROR	ERROR	ERROR
2025.06.06 16:28	ERROR	ERROR	ERROR	ERROR	ERROR
2025.06.06 16:29	ERROR	ERROR	ERROR	ERROR	ERROR
2025.06.06 16:30	ERROR	ERROR	ERROR	ERROR	ERROR
2025.06.06 16:31	ERROR	ERROR	ERROR	ERROR	ERROR
2025.06.06 16:32	ERROR	ERROR	ERROR	ERROR	ERROR
2025.06.06 16:33	ERROR	ERROR	ERROR	ERROR	ERROR
2025.06.06 16:34	ERROR	ERROR	ERROR	ERROR	ERROR
2025.06.06 16:35	ERROR	ERROR	ERROR	ERROR	ERROR
2025.06.06 16:36	ERROR	ERROR	ERROR	ERROR	ERROR
2025.06.06 16:37	ERROR	ERROR	ERROR	ERROR	ERROR
2025.06.06 16:38	ERROR	ERROR	ERROR	ERROR	ERROR
2025.06.06 16:39	ERROR	ERROR	ERROR	ERROR	ERROR
2025.06.06 16:40	ERROR	ERROR	ERROR	ERROR	ERROR
2025.06.06 16:41	ERROR	ERROR	ERROR	ERROR	ERROR
2025.06.06 16:42	ERROR	ERROR	ERROR	ERROR	ERROR
2025.06.06 16:43	ERROR	ERROR	ERROR	ERROR	ERROR
2025.06.06 16:44	ERROR	ERROR	ERROR	ERROR	ERROR
2025.06.06 16:45	ERROR	ERROR	ERROR	ERROR	ERROR
2025.06.06 16:46	ERROR	ERROR	ERROR	ERROR	ERROR
2025.06.06 16:47	ERROR	ERROR	ERROR	ERROR	ERROR
2025.06.06 16:48	ERROR	ERROR	ERROR	ERROR	ERROR
2025.06.06 16:49	ERROR	ERROR	ERROR	ERROR	ERROR
2025.06.06 16:50	ERROR	ERROR	ERROR	ERROR	ERROR
2025.06.06 16:51	ERROR	ERROR	ERROR	ERROR	ERROR
2025.06.06 16:52	ERROR	ERROR	ERROR	ERROR	ERROR
2025.06.06 16:53	ERROR	ERROR	ERROR	ERROR	ERROR
2025.06.06 16:54	ERROR	ERROR	ERROR	ERROR	ERROR
2025.06.06 16:55	ERROR	ERROR	ERROR	ERROR	ERROR
2025.06.06 16:56	ERROR	ERROR	ERROR	ERROR	ERROR
2025.06.06 16:57	ERROR	ERROR	ERROR	ERROR	ERROR
2025.06.06 16:58	ERROR	ERROR	ERROR	ERROR	ERROR
2025.06.06 16:59	ERROR	ERROR	ERROR	ERROR	ERROR
2025.06.06 17:00	ERROR	ERROR	ERROR	ERROR	ERROR
2025.06.06 17:01	ERROR	ERROR	ERROR	ERROR	ERROR
2025.06.06 17:02	ERROR	ERROR	ERROR	ERROR	ERROR
2025.06.06 17:03	ERROR	ERROR	ERROR	ERROR	ERROR
2025.06.06 17:04	ERROR	ERROR	ERROR	ERROR	ERROR
2025.06.06 17:05	ERROR	ERROR	ERROR	ERROR	ERROR
2025.06.06 17:06	ERROR	ERROR	ERROR	ERROR	ERROR
2025.06.06 17:07	ERROR	ERROR	ERROR	ERROR	ERROR
2025.06.06 17:08	ERROR	ERROR	ERROR	ERROR	ERROR
2025.06.06 17:09	ERROR	ERROR	ERROR	ERROR	ERROR
2025.06.06 17:10	ERROR	ERROR	ERROR	ERROR	ERROR
2025.06.06 17:11	ERROR	ERROR	ERROR	ERROR	ERROR
2025.06.06 17:12	ERROR	ERROR	ERROR	ERROR	ERROR
2025.06.06 17:13	ERROR	ERROR	ERROR	ERROR	ERROR
2025.06.06 17:14	ERROR	ERROR	ERROR	ERROR	ERROR
2025.06.06 17:15	ERROR	ERROR	ERROR	ERROR	ERROR
2025.06.06 17:16	ERROR	ERROR	ERROR	ERROR	ERROR
2025.06.06 17:17	ERROR	ERROR	ERROR	ERROR	ERROR
2025.06.06 17:18	ERROR	ERROR	ERROR	ERROR	ERROR
2025.06.06 17:19	ERROR	ERROR	ERROR	ERROR	ERROR
2025.06.06 17:20	ERROR	ERROR	ERROR	ERROR	ERROR
2025.06.06 17:21	ERROR	ERROR	ERROR	ERROR	ERROR
2025.06.06 17:22	ERROR	ERROR	ERROR	ERROR	ERROR
2025.06.06 17:23	ERROR	ERROR	ERROR	ERROR	ERROR
2025.06.06 17:24	ERROR	ERROR	ERROR	ERROR	ERROR
2025.06.06 17:25	ERROR	ERROR	ERROR	ERROR	ERROR
2025.06.06 17:26	ERROR	ERROR	ERROR	ERROR	ERROR
2025.06.06 17:27	ERROR	ERROR	ERROR	ERROR	ERROR
2025.06.06 17:28	ERROR	ERROR	ERROR	ERROR	ERROR
2025.06.06 17:29	ERROR	ERROR	ERROR	ERROR	ERROR
2025.06.06 17:30	ERROR	ERROR	ERROR	ERROR	ERROR
2025.06.06 17:31	ERROR	ERROR	ERROR	ERROR	ERROR
2025.06.06 17:32	ERROR	ERROR	ERROR	ERROR	ERROR
2025.06.06 17:33	ERROR	ERROR	ERROR	ERROR	ERROR
2025.06.06 17:34	ERROR	ERROR	ERROR	ERROR	ERROR
2025.06.06 17:35	ERROR	ERROR	ERROR	ERROR	ERROR
2025.06.06 17:36	ERROR	ERROR	ERROR	ERROR	ERROR
2025.06.06 17:37	ERROR	ERROR	ERROR	ERROR	ERROR
2025.06.06 17:38	ERROR	ERROR	ERROR	ERROR	ERROR
2025.06.06 17:39	ERROR	ERROR	ERROR	ERROR	ERROR
2025.06.06 17:40	ERROR	ERROR	ERROR	ERROR	ERROR
2025.06.06 17:41	ERROR	ERROR	ERROR	ERROR	ERROR
2025.06.06 17:42	ERROR	ERROR	ERROR	ERROR	ERROR
2025.06.06 17:43	ERROR	ERROR	ERROR	ERROR	ERROR
2025.06.06 17:44	ERROR	ERROR	ERROR	ERROR	ERROR
2025.06.06 17:45	ERROR	ERROR	ERROR	ERROR	ERROR
2025.06.06 17:46	ERROR	ERROR	ERROR	ERROR	ERROR
2025.06.06 17:47	ERROR	ERROR	ERROR	ERROR	ERROR
2025.06.06 17:48	ERROR	ERROR	ERROR	ERROR	ERROR
2025.06.06 17:49	ERROR	ERROR	ERROR	ERROR	ERROR
2025.06.06 17:50	ERROR	ERROR	ERROR	ERROR	ERROR
2025.06.06 17:51	ERROR	ERROR	ERROR	ERROR	ERROR
2025.06.06 17:52	ERROR	ERROR	ERROR	ERROR	ERROR
2025.06.06 17:53	ERROR	ERROR	ERROR	ERROR	ERROR
2025.06.06 17:54	ERROR	ERROR	ERROR	ERROR	ERROR
2025.06.06 17:55	ERROR	ERROR	ERROR	ERROR	ERROR
2025.06.06 17:56	ERROR	ERROR	ERROR	ERROR	ERROR
2025.06.06 17:57	ERROR	ERROR	ERROR	ERROR	ERROR
2025.06.06 17:58	ERROR	ERROR	ERROR	ERROR	ERROR
2025.06.06 17:59	ERROR	ERROR	ERROR	ERROR	ERROR
2025.06.06 18:00	ERROR	ERROR	ERROR	ERROR	ERROR
2025.06.06 18:01	ERROR	ERROR	ERROR	ERROR	ERROR
2025.06.06 18:02	ERROR	ERROR	ERROR	ERROR	ERROR
2025.06.06 18:03	ERROR	ERROR	ERROR	ERROR	ERROR
2025.06.06 18:04	ERROR	ERROR	ERROR	ERROR	ERROR
2025.06.06 18:05	ERROR	ERROR	ERROR	ERROR	ERROR
2025.06.06 18:06	ERROR	ERROR	ERROR	ERROR	ERROR
2025.06.06 18:07	ERROR	ERROR	ERROR	ERROR	ERROR
2025.06.06 18:08	ERROR	ERROR	ERROR	ERROR	ERROR
2025.06.06 18:09	ERROR	ERROR	ERROR	ERROR	ERROR
2025.06.06 18:10	ERROR	ERROR	ERROR	ERROR	ERROR
2025.06.06 18:11	ERROR	ERROR	ERROR	ERROR	ERROR
2025.06.06 18:12	ERROR	ERROR	ERROR	ERROR	ERROR
2025.06.06 18:13	ERROR	ERROR	ERROR	ERROR	ERROR
2025.06.06 18:14	ERROR	ERROR	ERROR	ERROR	ERROR
2025.06.06 18:15	ERROR	ERROR	ERROR	ERROR	ERROR
2025.06.06 18:16	ERROR	ERROR	ERROR	ERROR	ERROR
2025.06.06 18:17	ERROR	ERROR	ERROR	ERROR	ERROR
2025.06.06 18:18	ERROR	ERROR	ERROR	ERROR	ERROR
2025.06.06 18:19	ERROR	ERROR	ERROR	ERROR	ERROR
2025.06.06 18:20	ERROR	ERROR	ERROR	ERROR	ERROR
2025.06.06 18:21	ERROR	ERROR	ERROR	ERROR	ERROR
2025.06.06 18:22	ERROR	ERROR	ERROR	ERROR	ERROR
2025.06.06 18:23	ERROR	ERROR	ERROR	ERROR	ERROR
2025.06.06 18:24	ERROR	ERROR	ERROR	ERROR	ERROR
2025.06.06 18:25	ERROR	ERROR	ERROR	ERROR	ERROR
2025.06.06 18:26	ERROR	ERROR	ERROR	ERROR	ERROR
2025.06.06 18:27	ERROR	ERROR	ERROR	ERROR	ERROR
2025.06.06 18:28	ERROR	ERROR	ERROR	ERROR	ERROR
2025.06.06 18:29	ERROR	ERROR	ERROR	ERROR	ERROR
2025.06.06 18:30	ERROR	ERROR	ERROR	ERROR	ERROR
2025.06.06 18:31	ERROR	ERROR	ERROR	ERROR	ERROR
2025.06.06 18:32	ERROR	ERROR	ERROR	ERROR	ERROR
2025.06.06 18:33	ERROR	ERROR	ERROR	ERROR	ERROR
2025.06.06 18:34	ERROR	ERROR	ERROR	ERROR	ERROR
2025.06.06 18:35	ERROR	ERROR	ERROR	ERROR	ERROR
2025.06.06 18:36	ERROR	ERROR	ERROR	ERROR	ERROR
2025.06.06 18:37	ERROR	ERROR	ERROR	ERROR	ERROR
2025.06.06 18:38	ERROR	ERROR	ERROR	ERROR	ERROR
2025.06.06 18:39	ERROR	ERROR	ERROR	ERROR	ERROR
2025.06.06 18:40	ERROR	ERROR	ERROR	ERROR	ERROR
2025.06.06 18:41	ERROR	ERROR	ERROR	ERROR	ERROR
2025.06.06 18:42	ERROR	ERROR	ERROR	ERROR	ERROR
2025.06.06 18:43	ERROR	ERROR	ERROR	ERROR	ERROR
2025.06.06 18:44	ERROR	ERROR	ERROR	ERROR	ERROR
2025.06.06 18:45	ERROR	ERROR	ERROR	ERROR	ERROR
2025.06.06 18:46	ERROR	ERROR	ERROR	ERROR	ERROR
2025.06.06 18:47	ERROR	ERROR	ERROR	ERROR	ERROR
2025.06.06 18:48	ERROR	ERROR	ERROR	ERROR	ERROR
2025.06.06 18:49	ERROR	ERROR	ERROR	ERROR	ERROR
2025.06.06 18:50	ERROR	ERROR	ERROR	ERROR	ERROR
2025.06.06 18:51	ERROR	ERROR	ERROR	ERROR	ERROR
2025.06.06 18:52	ERROR	ERROR	ERROR	ERROR	ERROR
2025.06.06 18:53	ERROR	ERROR	ERROR	ERROR	ERROR
2025.06.06 18:54	ERROR	ERROR	ERROR	ERROR	ERROR
2025.06.06 18:55	ERROR	ERROR	ERROR	ERROR	ERROR
2025.06.06 18:56	ERROR	ERROR	ERROR	ERROR	ERROR
2025.06.06 18:57	ERROR	ERROR	ERROR	ERROR	ERROR
2025.06.06 18:58	ERROR	ERROR	ERROR	ERROR	ERROR
2025.06.06 18:59	ERROR	ERROR	ERROR	ERROR	ERROR
2025.06.06 19:00	ERROR	ERROR	ERROR	ERROR	ERROR
2025.06.06 19:01	ERROR	ERROR	ERROR	ERROR	ERROR
2025.06.06 19:02	ERROR	ERROR	ERROR	ERROR	ERROR
2025.06.06 19:03	ERROR	ERROR	ERROR	ERROR	ERROR
2025.06.06 19:04	ERROR	ERROR	ERROR	ERROR	ERROR
2025.06.06 19:05	ERROR	ERROR	ERROR	ERROR	ERROR
2025.06.06 19:06	ERROR	ERROR	ERROR	ERROR	ERROR
2025.06.06 19:07	ERROR	ERROR	ERROR	ERROR	ERROR
2025.06.06 19:08	ERROR	ERROR	ERROR	ERROR	ERROR
2025.06.06 19:09	ERROR	ERROR	ERROR	ERROR	ERROR
2025.06.06 19:10	ERROR	ERROR	ERROR	ERROR	ERROR
2025.06.06 19:11	ERROR	ERROR	ERROR	ERROR	ERROR
2025.06.06 19:12	ERROR	ERROR	ERROR	ERROR	ERROR
2025.06.06 19:13	ERROR	ERROR	ERROR	ERROR	ERROR
2025.06.06 19:14	ERROR	ERROR	ERROR	ERROR	ERROR
2025.06.06 19:15	ERROR	ERROR	ERROR	ERROR	ERROR
2025.06.06 19:16	ERROR	ERROR	ERROR	ERROR	ERROR
2025.06.06 19:17	ERROR	ERROR	ERROR	ERROR	ERROR
2025.06.06 19:18	ERROR	ERROR	ERROR	ERROR	ERROR
2025.06.06 19:19	ERROR	ERROR	ERROR	ERROR	ERROR
2025.06.06 19:20	ERROR	ERROR	ERROR	ERROR	ERROR
2025.06.06 19:21	ERROR	ERROR	ERROR	ERROR	ERROR
2025.06.06 19:22	ERROR	ERROR	ERROR	ERROR	ERROR
2025.06.06 19:23	ERROR	ERROR	ERROR	ERROR	ERROR
2025.06.06 19:24	ERROR	ERROR	ERROR	ERROR	ERROR
2025.06.06 19:25	ERROR	ERROR	ERROR	ERROR	ERROR
2025.06.06 19:26	ERROR	ERROR	ERROR	ERROR	ERROR
2025.06.06 19:27	ERROR	ERROR	ERROR	ERROR	ERROR
2025.06.06 19:28	ERROR	ERROR	ERROR	ERROR	ERROR
2025.06.06 19:29	ERROR	ERROR	ERROR	ERROR	ERROR
2025.06.06 19:30	ERROR	ERROR	ERROR	ERROR	ERROR
2025.06.06 19:31	ERROR	ERROR	ERROR	ERROR	ERROR
2025.06.06 19:32	ERROR	ERROR	ERROR	ERROR	ERROR
2025.06.06 19:33	ERROR	ERROR	ERROR	ERROR	ERROR
2025.06.06 19:34	ERROR	ERROR	ERROR	ERROR	ERROR
2025.06.06 19:35	ERROR	ERROR	ERROR	ERROR	ERROR
2025.06.06 19:36	ERROR	ERROR	ERROR	ERROR	ERROR
2025.06.06 19:37	ERROR	ERROR	ERROR	ERROR	ERROR
2025.06.06 19:38	ERROR	ERROR	ERROR	ERROR	ERROR
2025.06.06 19:39	ERROR	ERROR	ERROR	ERROR	ERROR
2025.06.06 19:40	ERROR	ERROR	ERROR	ERROR	ERROR
2025.06.06 19:41	ERROR	ERROR	ERROR	ERROR	ERROR
2025.06.06 19:42	ERROR	ERROR	ERROR	ERROR	ERROR
2025.06.06 19:43	ERROR	ERROR	ERROR	ERROR	ERROR
2025.06.06 19:44	ERROR	ERROR	ERROR	ERROR	ERROR
2025.06.06 19:45	ERROR	ERROR	ERROR	ERROR	ERROR
2025.06.06 19:46	ERROR	ERROR	ERROR	ERROR	ERROR
2025.06.06 19:47	ERROR	ERROR	ERROR	ERROR	ERROR
2025.06.06 19:48	ERROR	ERROR	ERROR	ERROR	ERROR
2025.06.06 19:49	ERROR	ERROR	ERROR	ERROR	ERROR
2025.06.06 19:50	ERROR	ERROR	ERROR	ERROR	ERROR
2025.06.06 19:51	ERROR	ERROR	ERROR	ERROR	ERROR
2025.06.06 19:52	ERROR	ERROR	ERROR	ERROR	ERROR
2025.06.06 19:53	ERROR	ERROR	ERROR	ERROR	ERROR
2025.06.06 19:54	ERROR	ERROR	ERROR	ERROR	ERROR
2025.06.06 19:55	ERROR	ERROR	ERROR	ERROR	ERROR
2025.06.06 19:56	ERROR	ERROR	ERROR	ERROR	ERROR
2025.06.06 19:57	ERROR	ERROR	ERROR	ERROR	ERROR
2025.06.06 19:58	ERROR	ERROR	ERROR	ERROR	ERROR
2025.06.06 19:59	ERROR	ERROR	ERROR	ERROR	ERROR
2025.06.06 20:00	ERROR	ERROR	ERROR	ERROR	ERROR
2025.06.06 20:01	ERROR	ERROR	ERROR	ERROR	ERROR
2025.06.06 20:02	ERROR	ERROR	ERROR	ERROR	ERROR
2025.06.06 20:03	ERROR	ERROR	ERROR	ERROR	ERROR
2025.06.06 20:04	ERROR	ERROR	ERROR	ERROR	ERROR
2025.06.06 20:05	ERROR	ERROR	ERROR	ERROR	ERROR
2025.06.06 20:06	ERROR	ERROR	ERROR	ERROR	ERROR
2025.06.06 20:07	ERROR	ERROR	ERROR	ERROR	ERROR
2025.06.06 20:08	ERROR	ERROR	ERROR	ERROR	ERROR
2025.06.06 20:09	ERROR	ERROR	ERROR	ERROR	ERROR
2025.06.06 20:10	ERROR	ERROR	ERROR	ERROR	ERROR
2025.06.06 20:11	ERROR	ERROR	ERROR	ERROR	ERROR
2025.06.06 20:12	ERROR	ERROR	ERROR	ERROR	ERROR
2025.06.06 20:13	ERROR	ERROR	ERROR	ERROR	ERROR
2025.06.06 20:14	ERROR	ERROR	ERROR	ERROR	ERROR
2025.06.06 20:15	ERROR	ERROR	ERROR	ERROR	ERROR
2025.06.06 20:16	ERROR	ERROR	ERROR	ERROR	ERROR
2025.06.06 20:17	ERROR	ERROR	ERROR	ERROR	ERROR
2025.06.06 20:18	ERROR	ERROR	ERROR	ERROR	ERROR
2025.06.06 20:19	ERROR	ERROR	ERROR	ERROR	ERROR
2025.06.06 20:20	ERROR	ERROR	ERROR	ERROR	ERROR
2025.06.06 20:21	ERROR	ERROR	ERROR	ERROR	ERROR
2025.06.06 20:22	ERROR	ERROR	ERROR	ERROR	ERROR
2025.06.06 20:23	ERROR	ERROR	ERROR	ERROR	ERROR
2025.06.06 20:24	ERROR	ERROR	ERROR	ERROR	ERROR
2025.06.06 20:25	ERROR	ERROR	ERROR	ERROR	ERROR
2025.06.06 20:26	ERROR	ERROR	ERROR	ERROR	ERROR
2025.06.06 20:27	ERROR	ERROR	ERROR	ERROR	ERROR
2025.06.06 20:28	ERROR	ERROR	ERROR	ERROR	ERROR
2025.06.06 20:29	ERROR	ERROR	ERROR	ERROR	ERROR
2025.06.06 20:30	ERROR	ERROR	ERROR	ERROR	ERROR
2025.06.06 20:31	ERROR	ERROR	ERROR	ERROR	ERROR
2025.06.06 20:32	ERROR	ERROR	ERROR	ERROR	ERROR
2025.06.06 20:33	ERROR	ERROR	ERROR	ERROR	ERROR
2025.06.06 20:34	ERROR	ERROR	ERROR	ERROR	ERROR
2025.06.06 20:35	ERROR	ERROR	ERROR	ERROR	ERROR
2025.06.06 20:36	ERROR	ERROR	ERROR	ERROR	ERROR
2025.06.06 20:37	ERROR	ERROR	ERROR	ERROR	ERROR
2025.06.06 20:38	ERROR	ERROR	ERROR	ERROR	ERROR
2025.06.06 20:39	ERROR	ERROR	ERROR	ERROR	ERROR
2025.06.06 20:40	ERROR	ERROR	ERROR	ERROR	ERROR
2025.06.06 20:41	ERROR	ERROR	ERROR	ERROR	ERROR
2025.06.06 20:42	ERROR	ERROR	ERROR	ERROR	ERROR
2025.06.06 20:43	ERROR	ERROR	ERROR	ERROR	ERROR
2025.06.06 20:44	ERROR	ERROR	ERROR	ERROR	ERROR
2025.06.06 20:45	ERROR	ERROR	ERROR	ERROR	ERROR
2025.06.06 20:46	ERROR	ERROR	ERROR	ERROR	ERROR
2025.06.06 20:47	ERROR	ERROR	ERROR	ERROR	ERROR
2025.06.06 20:48	ERROR	ERROR	ERROR	ERROR	ERROR
2025.06.06 20:49	ERROR	ERROR	ERROR	ERROR	ERROR
2025.06.06 20:50	ERROR	ERROR	ERROR	ERROR	ERROR
2025.06.06 20:51	ERROR	ERROR	ERROR	ERROR	ERROR
2025.06.06 20:52	ERROR	ERROR	ERROR	ERROR	ERROR
2025.06.06 20:53	ERROR	ERROR	ERROR	ERROR	ERROR
2025.06.06 20:54	ERROR	ERROR	ERROR	ERROR	ERROR
2025.06.06 20:55	ERROR	ERROR	ERROR	ERROR	ERROR
2025.06.06 20:56	ERROR	ERROR	ERROR	ERROR	ERROR
2025.06.06 20:57	ERROR	ERROR	ERROR	ERROR	ERROR
2025.06.06 20:58	ERROR	ERROR	ERROR	ERROR	ERROR
2025.06.06 20:59	ERROR	ERROR	ERROR	ERROR	ERROR
2025.06.06 21:00	ERROR	ERROR	ERROR	ERROR	ERROR
2025.06.06 21:01	ERROR	ERROR	ERROR	ERROR	ERROR
2025.06.06 21:02	ERROR	ERROR	ERROR	ERROR	ERROR
2025.06.06 21:03	ERROR	ERROR	ERROR	ERROR	ERROR
2025.06.06 21:04	ERROR	ERROR	ERROR	ERROR	ERROR
2025.06.06 21:05	ERROR	ERROR	ERROR	ERROR	ERROR
2025.06.06 21:06	ERROR	ERROR	ERROR	ERROR	ERROR
2025.06.06 21:07	ERROR	ERROR	ERROR	ERROR	ERROR
2025.06.06 21:08	ERROR	ERROR	ERROR	ERROR	ERROR
2025.06.06 21:09	ERROR	ERROR	ERROR	ERROR	ERROR
2025.06.06 21:10	ERROR	ERROR	ERROR	ERROR	ERROR
2025.06.06 21:11	ERROR	ERROR	ERROR	ERROR	ERROR
2025.06.06 21:12	ERROR	ERROR	ERROR	ERROR	ERROR
2025.06.06 21:13	ERROR	ERROR	ERROR	ERROR	ERROR
2025.06.06 21:14	ERROR	ERROR	ERROR	ERROR	ERROR
2025.06.06 21:15	ERROR	ERROR	ERROR	ERROR	ERROR
2025.06.06 21:16	ERROR	ERROR	ERROR	ERROR	ERROR
2025.06.06 21:17	ERROR	ERROR	ERROR	ERROR	ERROR
2025.06.06 21:18	ERROR	ERROR	ERROR	ERROR	ERROR
2025.06.06 21:19	ERROR	ERROR	ERROR	ERROR	ERROR
2025.06.06 21:20	ERROR	ERROR	ERROR	ERROR	ERROR
2025.06.06 21:21	ERROR	ERROR	ERROR	ERROR	ERROR
2025.06.06 21:22	ERROR	ERROR	ERROR	ERROR	ERROR
2025.06.06 21:23	ERROR	ERROR	ERROR	ERROR	ERROR
2025.06.06 21:24	ERROR	ERROR	ERROR	ERROR	ERROR
2025.06.06 21:25	ERROR	ERROR	ERROR	ERROR	ERROR
2025.06.06 21:26	ERROR	ERROR	ERROR	ERROR	ERROR
2025.06.06 21:27	ERROR	ERROR	ERROR	ERROR	ERROR
2025.06.06 21:28	ERROR	ERROR	ERROR	ERROR	ERROR
2025.06.06 21:29	ERROR	ERROR	ERROR	ERROR	ERROR
2025.06.06 21:30	ERROR	ERROR	ERROR	ERROR	ERROR
2025.06.06 21:31	ERROR	ERROR	ERROR	ERROR	ERROR
2025.06.06 21:32	ERROR	ERROR	ERROR	ERROR	ERROR
2025.06.06 21:33	ERROR	ERROR	ERROR	ERROR	ERROR
2025.06.06 21:34	ERROR	ERROR	ERROR	ERROR	ERROR
2025.06.06 21:35	ERROR	ERROR	ERROR	ERROR	ERROR
2025.06.06 21:36	ERROR	ERROR	ERROR	ERROR	ERROR
2025.06.06 21:37	ERROR	ERROR	ERROR	ERROR	ERROR
2025.06.06 21:38	ERROR	ERROR	ERROR	ERROR	ERROR
2025.06.06 21:39	ERROR	ERROR	ERROR	ERROR	ERROR
2025.06.06 21:40	ERROR	ERROR	ERROR	ERROR	ERROR
2025.06.06 21:41	ERROR	ERROR	ERROR	ERROR	ERROR
2025.06.06 21:42	ERROR	ERROR	ERROR	ERROR	ERROR
2025.06.06 21:43	ERROR	ERROR	ERROR	ERROR	ERROR
2025.06.06 21:44	ERROR	ERROR	ERROR	ERROR	ERROR
2025.06.06 21:45	ERROR	ERROR	ERROR	ERROR	ERROR
2025.06.06 21:46	ERROR	ERROR	ERROR	ERROR	ERROR
2025.06.06 21:47	ERROR	ERROR	ERROR	ERROR	ERROR
2025.06.06 21:48	ERROR	ERROR	ERROR	ERROR	ERROR
2025.06.06 21:49	ERROR	ERROR	ERROR	ERROR	ERROR
2025.06.06 21:50	ERROR	ERROR	ERROR	ERROR	ERROR
2025.06.06 21:51	ERROR	ERROR	ERROR	ERROR	ERROR
2025.06.06 21:52	ERROR	ERROR	ERROR	ERROR	ERROR
2025.06.06 21:53	ERROR	ERROR	ERROR	ERROR	ERROR
2025.06.06 21:54	ERROR	ERROR	ERROR	ERROR	ERROR
2025.06.06 21:55	ERROR	ERROR	ERROR	ERROR	ERROR
2025.06.06 21:56	ERROR	ERROR	ERROR	ERROR	ERROR
2025.06.06 21:57	ERROR	ERROR	ERROR	ERROR	ERROR
2025.06.06 21:58	ERROR	ERROR	ERROR	ERROR	ERROR
2025.06.06 21:59	ERROR	ERROR	ERROR	ERROR	ERROR
2025.06.06 22:00	ERROR	ERROR	ERROR	ERROR	ERROR
2025.06.06 22:01	ERROR	ERROR	ERROR	ERROR	ERROR
2025.06.06 22:02	ERROR	ERROR	ERROR	ERROR	ERROR
2025.06.06 22:03	ERROR	ERROR	ERROR	ERROR	ERROR
2025.06.06 22:04	ERROR	ERROR	ERROR	ERROR	ERROR
2025.06.06 22:05	ERROR	ERROR	ERROR	ERROR	ERROR
2025.06.06 22:06	ERROR	ERROR	ERROR	ERROR	ERROR
2025.06.06 22:07	ERROR	ERROR	ERROR	ERROR	ERROR
2025.06.06 22:08	ERROR	ERROR	ERROR	ERROR	ERROR
2025.06.06 22:09	ERROR	ERROR	ERROR	ERROR	ERROR
2025.06.06 22:10	ERROR	ERROR	ERROR	ERROR	ERROR
2025.06.06 22:11	ERROR	ERROR	ERROR	ERROR	ERROR
2025.06.06 22:12	ERROR	ERROR	ERROR	ERROR	ERROR
2025.06.06 22:13	ERROR	ERROR	ERROR	ERROR	ERROR
2025.06.06 22:14	ERROR	ERROR	ERROR	ERROR	ERROR
2025.06.06 22:15	ERROR	ERROR	ERROR	ERROR	ERROR
2025.06.06 22:16	ERROR	ERROR	ERROR	ERROR	ERROR
2025.06.06 22:17	ERROR	ERROR	ERROR	ERROR	ERROR
2025.06.06 22:18	ERROR	ERROR	ERROR	ERROR	ERROR
2025.06.06 22:19	ERROR	ERROR	ERROR	ERROR	ERROR
2025.06.06 22:20	ERROR	ERROR	ERROR	ERROR	ERROR
2025.06.06 22:21	ERROR	ERROR	ERROR	ERROR	ERROR
2025.06.06 22:22	ERROR	ERROR	ERROR	ERROR	ERROR
2025.06.06 22:23	ERROR	ERROR	ERROR	ERROR	ERROR
2025.06.06 22:24	ERROR	ERROR	ERROR	ERROR	ERROR
2025.06.06 22:25	ERROR	ERROR	ERROR	ERROR	ERROR
2025.06.06 22:26	ERROR	ERROR	ERROR	ERROR	ERROR
2025.06.06 22:27	ERROR	ERROR	ERROR	ERROR	ERROR
2025.06.06 22:28	ERROR	ERROR	ERROR	ERROR	ERROR
2025.06.06 22:29	ERROR	ERROR	ERROR	ERROR	ERROR
2025.06.06 22:30	ERROR	ERROR	ERROR	ERROR	ERROR
2025.06.06 22:31	ERROR	ERROR	ERROR	ERROR	ERROR
2025.06.06 22:32	ERROR	ERROR	ERROR	ERROR	ERROR
2025.06.06 22:33	ERROR	ERROR	ERROR	ERROR	ERROR
2025.06.06 22:34	ERROR	ERROR	ERROR	ERROR	ERROR
2025.06.06 22:35	ERROR	ERROR	ERROR	ERROR	ERROR
2025.06.06 22:36	ERROR	ERROR	ERROR	ERROR	ERROR
2025.06.06 22:37	ERROR	ERROR	ERROR	ERROR	ERROR
2025.06.06 22:38	ERROR	ERROR	ERROR	ERROR	ERROR
2025.06.06 22:39	ERROR	ERROR	ERROR	ERROR	ERROR
2025.06.06 22:40	ERROR	ERROR	ERROR	ERROR	ERROR
2025.06.06 22:41	ERROR	ERROR	ERROR	ERROR	ERROR
2025.06.06 22:42	ERROR	ERROR	ERROR	ERROR	ERROR
2025.06.06 22:43	ERROR	ERROR	ERROR	ERROR	ERROR
2025.06.06 22:44	ERROR	ERROR	ERROR	ERROR	ERROR
2025.06.06 22:45	ERROR	ERROR	ERROR	ERROR	ERROR
2025.06.06 22:46	ERROR	ERROR	ERROR	ERROR	ERROR
2025.06.06 22:47	ERROR	ERROR	ERROR	ERROR	ERROR
2025.06.06 22:48	ERROR	ERROR	ERROR	ERROR	ERROR
2025.06.06 22:49	ERROR	ERROR	ERROR	ERROR	ERROR
2025.06.06 22:50	ERROR	ERROR	ERROR	ERROR	ERROR
2025.06.06 22:51	ERROR	ERROR	ERROR	ERROR	ERROR
2025.06.06 22:52	ERROR	ERROR	ERROR	ERROR	ERROR
2025.06.06 22:53	ERROR	ERROR	ERROR	ERROR	ERROR
2025.06.06 22:54	ERROR	ERROR	ERROR	ERROR	ERROR
2025.06.06 22:55	ERROR	ERROR	ERROR	ERROR	ERROR
2025.06.06 22:56	ERROR	ERROR	ERROR	ERROR	ERROR
2025.06.06 22:57	ERROR	ERROR	ERROR	ERROR	ERROR
2025.06.06 22:58	ERROR	ERROR	ERROR	ERROR	ERROR
2025.06.06 22:59	ERROR	ERROR	ERROR	ERROR	ERROR
2025.06.06 23:00	ERROR	ERROR	ERROR	ERROR	ERROR
2025.06.06 23:01	ERROR	ERROR	ERROR	ERROR	ERROR
2025.06.06 23:02	ERROR	ERROR	ERROR	ERROR	ERROR
2025.06.06 23:03	ERROR	ERROR	ERROR	ERROR	ERROR
2025.06.06 23:04	ERROR	ERROR	ERROR	ERROR	ERROR
2025.06.06 23:05	ERROR	ERROR	ERROR	ERROR	ERROR
2025.06.06 23:06	ERROR	ERROR	ERROR	ERROR	ERROR
2025.06.06 23:07	ERROR	ERROR	ERROR	ERROR	ERROR
2025.06.06 23:08	ERROR	ERROR	ERROR	ERROR	ERROR
2025.06.06 23:09	ERROR	ERROR	ERROR	ERROR	ERROR
2025.06.06 23:10	ERROR	ERROR	ERROR	ERROR	ERROR
2025.06.06 23:11	ERROR	ERROR	ERROR	ERROR	ERROR
2025.06.06 23:12	ERROR	ERROR	ERROR	ERROR	ERROR
2025.06.06 23:13	ERROR	ERROR	ERROR	ERROR	ERROR
2025.06.06 23:14	ERROR	ERROR	ERROR	ERROR	ERROR
2025.06.06 23:15	ERROR	ERROR	ERROR	ERROR	ERROR
2025.06.06 23:16	ERROR	ERROR	ERROR	ERROR	ERROR
2025.06.06 23:17	ERROR	ERROR	ERROR	ERROR	ERROR
2025.06.06 23:18	ERROR	ERROR	ERROR	ERROR	ERROR
2025.06.06 23:19	ERROR	ERROR	ERROR	ERROR	ERROR
2025.06.06 23:20	ERROR	ERROR	ERROR	ERROR	ERROR
2025.06.06 23:21	ERROR	ERROR	ERROR	ERROR	ERROR
2025.06.06 23:22	ERROR	ERROR	ERROR	ERROR	ERROR
2025.06.06 23:23	ERROR	ERROR	ERROR	ERROR	ERROR
2025.06.06 23:24	ERROR	ERROR	ERROR	ERROR	ERROR
2025.06.06 23:25	ERROR	ERROR	ERROR	ERROR	ERROR
2025.06.06 23:26	ERROR	ERROR	ERROR	ERROR	ERROR
2025.06.06 23:27	ERROR	ERROR	ERROR	ERROR	ERROR
2025.06.06 23:28	ERROR	ERROR	ERROR	ERROR	ERROR
2025.06.06 23:29	ERROR	ERROR	ERROR	ERROR	ERROR
2025.06.06 23:30	ERROR	ERROR	ERROR	ERROR	ERROR
2025.06.06 23:31	ERROR	ERROR	ERROR	ERROR	ERROR
2025.06.06 23:32	ERROR	ERROR	ERROR	ERROR	ERROR
2025.06.06 23:33	ERROR	ERROR	ERROR	ERROR	ERROR
2025.06.06 23:34	ERROR	ERROR	ERROR	ERROR	ERROR
2025.06.06 23:35	ERROR	ERROR	ERROR	ERROR	ERROR
2025.06.06 23:36	ERROR	ERROR	ERROR	ERROR	ERROR
2025.06.06 23:37	ERROR	ERROR	ERROR	ERROR	ERROR
2025.06.06 23:38	ERROR	ERROR	ERROR	ERROR	ERROR
2025.06.06 23:39	ERROR	ERROR	ERROR	ERROR	ERROR
2025.06.06 23:40	ERROR	ERROR	ERROR	ERROR	ERROR
2025.06.06 23:41	ERROR	ERROR	ERROR	ERROR	ERROR
2025.06.06 23:42	ERROR	ERROR	ERROR	ERROR	ERROR
2025.06.06 23:43	ERROR	ERROR	ERROR	ERROR	ERROR
2025.06.06 23:44	ERROR	ERROR	ERROR	ERROR	ERROR
2025.06.06 23:45	ERROR	ERROR	ERROR	ERROR	ERROR
2025.06.06 23:46	ERROR	ERROR	ERROR	ERROR	ERROR
2025.06.06 23:47	ERROR	ERROR	ERROR	ERROR	ERROR
2025.06.06 23:48	ERROR	ERROR	ERROR	ERROR	ERROR
2025.06.06 23:49	ERROR	ERROR	ERROR	ERROR	ERROR
2025.06.06 23:50	ERROR	ERROR	ERROR	ERROR	ERROR
2025.06.06 23:51	ERROR	ERROR	ERROR	ERROR	ERROR
2025.06.06 23:52	ERROR	ERROR	ERROR	ERROR	ERROR
2025.06.06 23:53	ERROR	ERROR	ERROR	ERROR	ERROR
2025.06.06 23:54	ERROR	ERROR	ERROR	ERROR	ERROR
2025.06.06 23:55	ERROR	ERROR	ERROR	ERROR	ERROR
2025.06.06 23:56	ERROR	ERROR	ERROR	ERROR	ERROR
2025.06.06 23:57	ERROR	ERROR	ERROR	ERROR	ERROR
2025.06.06 23:58	ERROR	ERROR	ERROR	ERROR	ERROR
2025.06.06 23:59	ERROR	ERROR	ERROR	ERROR	ERROR
