Time	Open	High	Low	Close	Volume
2025.06.29 00:00	0.047948	0.047948	0.047947	0.047947	2
2025.06.29 00:01	ERROR	ERROR	ERROR	ERROR	ERROR
2025.06.29 00:02	ERROR	ERROR	ERROR	ERROR	ERROR
2025.06.29 00:03	ERROR	ERROR	ERROR	ERROR	ERROR
2025.06.29 00:04	ERROR	ERROR	ERROR	ERROR	ERROR
2025.06.29 00:05	ERROR	ERROR	ERROR	ERROR	ERROR
2025.06.29 00:06	ERROR	ERROR	ERROR	ERROR	ERROR
2025.06.29 00:07	ERROR	ERROR	ERROR	ERROR	ERROR
2025.06.29 00:08	ERROR	ERROR	ERROR	ERROR	ERROR
2025.06.29 00:09	ERROR	ERROR	ERROR	ERROR	ERROR
2025.06.29 00:10	ERROR	ERROR	ERROR	ERROR	ERROR
2025.06.29 00:11	ERROR	ERROR	ERROR	ERROR	ERROR
2025.06.29 00:12	ERROR	ERROR	ERROR	ERROR	ERROR
2025.06.29 00:13	ERROR	ERROR	ERROR	ERROR	ERROR
2025.06.29 00:14	ERROR	ERROR	ERROR	ERROR	ERROR
2025.06.29 00:15	ERROR	ERROR	ERROR	ERROR	ERROR
2025.06.29 00:16	ERROR	ERROR	ERROR	ERROR	ERROR
2025.06.29 00:17	ERROR	ERROR	ERROR	ERROR	ERROR
2025.06.29 00:18	ERROR	ERROR	ERROR	ERROR	ERROR
2025.06.29 00:19	ERROR	ERROR	ERROR	ERROR	ERROR
2025.06.29 00:20	ERROR	ERROR	ERROR	ERROR	ERROR
2025.06.29 00:21	ERROR	ERROR	ERROR	ERROR	ERROR
2025.06.29 00:22	ERROR	ERROR	ERROR	ERROR	ERROR
2025.06.29 00:23	ERROR	ERROR	ERROR	ERROR	ERROR
2025.06.29 00:24	ERROR	ERROR	ERROR	ERROR	ERROR
2025.06.29 00:25	ERROR	ERROR	ERROR	ERROR	ERROR
2025.06.29 00:26	ERROR	ERROR	ERROR	ERROR	ERROR
2025.06.29 00:27	ERROR	ERROR	ERROR	ERROR	ERROR
2025.06.29 00:28	ERROR	ERROR	ERROR	ERROR	ERROR
2025.06.29 00:29	ERROR	ERROR	ERROR	ERROR	ERROR
2025.06.29 00:30	ERROR	ERROR	ERROR	ERROR	ERROR
2025.06.29 00:31	ERROR	ERROR	ERROR	ERROR	ERROR
2025.06.29 00:32	ERROR	ERROR	ERROR	ERROR	ERROR
2025.06.29 00:33	ERROR	ERROR	ERROR	ERROR	ERROR
2025.06.29 00:34	ERROR	ERROR	ERROR	ERROR	ERROR
2025.06.29 00:35	ERROR	ERROR	ERROR	ERROR	ERROR
2025.06.29 00:36	ERROR	ERROR	ERROR	ERROR	ERROR
2025.06.29 00:37	ERROR	ERROR	ERROR	ERROR	ERROR
2025.06.29 00:38	ERROR	ERROR	ERROR	ERROR	ERROR
2025.06.29 00:39	ERROR	ERROR	ERROR	ERROR	ERROR
2025.06.29 00:40	ERROR	ERROR	ERROR	ERROR	ERROR
2025.06.29 00:41	ERROR	ERROR	ERROR	ERROR	ERROR
2025.06.29 00:42	ERROR	ERROR	ERROR	ERROR	ERROR
2025.06.29 00:43	ERROR	ERROR	ERROR	ERROR	ERROR
2025.06.29 00:44	ERROR	ERROR	ERROR	ERROR	ERROR
2025.06.29 00:45	ERROR	ERROR	ERROR	ERROR	ERROR
2025.06.29 00:46	ERROR	ERROR	ERROR	ERROR	ERROR
2025.06.29 00:47	ERROR	ERROR	ERROR	ERROR	ERROR
2025.06.29 00:48	ERROR	ERROR	ERROR	ERROR	ERROR
2025.06.29 00:49	ERROR	ERROR	ERROR	ERROR	ERROR
2025.06.29 00:50	ERROR	ERROR	ERROR	ERROR	ERROR
2025.06.29 00:51	ERROR	ERROR	ERROR	ERROR	ERROR
2025.06.29 00:52	ERROR	ERROR	ERROR	ERROR	ERROR
2025.06.29 00:53	ERROR	ERROR	ERROR	ERROR	ERROR
2025.06.29 00:54	ERROR	ERROR	ERROR	ERROR	ERROR
2025.06.29 00:55	ERROR	ERROR	ERROR	ERROR	ERROR
2025.06.29 00:56	ERROR	ERROR	ERROR	ERROR	ERROR
2025.06.29 00:57	ERROR	ERROR	ERROR	ERROR	ERROR
2025.06.29 00:58	ERROR	ERROR	ERROR	ERROR	ERROR
2025.06.29 00:59	ERROR	ERROR	ERROR	ERROR	ERROR
2025.06.29 01:00	ERROR	ERROR	ERROR	ERROR	ERROR
2025.06.29 01:01	ERROR	ERROR	ERROR	ERROR	ERROR
2025.06.29 01:02	ERROR	ERROR	ERROR	ERROR	ERROR
2025.06.29 01:03	ERROR	ERROR	ERROR	ERROR	ERROR
2025.06.29 01:04	ERROR	ERROR	ERROR	ERROR	ERROR
2025.06.29 01:05	ERROR	ERROR	ERROR	ERROR	ERROR
2025.06.29 01:06	ERROR	ERROR	ERROR	ERROR	ERROR
2025.06.29 01:07	ERROR	ERROR	ERROR	ERROR	ERROR
2025.06.29 01:08	ERROR	ERROR	ERROR	ERROR	ERROR
2025.06.29 01:09	ERROR	ERROR	ERROR	ERROR	ERROR
2025.06.29 01:10	ERROR	ERROR	ERROR	ERROR	ERROR
2025.06.29 01:11	ERROR	ERROR	ERROR	ERROR	ERROR
2025.06.29 01:12	ERROR	ERROR	ERROR	ERROR	ERROR
2025.06.29 01:13	ERROR	ERROR	ERROR	ERROR	ERROR
2025.06.29 01:14	ERROR	ERROR	ERROR	ERROR	ERROR
2025.06.29 01:15	ERROR	ERROR	ERROR	ERROR	ERROR
2025.06.29 01:16	ERROR	ERROR	ERROR	ERROR	ERROR
2025.06.29 01:17	ERROR	ERROR	ERROR	ERROR	ERROR
2025.06.29 01:18	ERROR	ERROR	ERROR	ERROR	ERROR
2025.06.29 01:19	ERROR	ERROR	ERROR	ERROR	ERROR
2025.06.29 01:20	ERROR	ERROR	ERROR	ERROR	ERROR
2025.06.29 01:21	ERROR	ERROR	ERROR	ERROR	ERROR
2025.06.29 01:22	ERROR	ERROR	ERROR	ERROR	ERROR
2025.06.29 01:23	ERROR	ERROR	ERROR	ERROR	ERROR
2025.06.29 01:24	ERROR	ERROR	ERROR	ERROR	ERROR
2025.06.29 01:25	ERROR	ERROR	ERROR	ERROR	ERROR
2025.06.29 01:26	ERROR	ERROR	ERROR	ERROR	ERROR
2025.06.29 01:27	ERROR	ERROR	ERROR	ERROR	ERROR
2025.06.29 01:28	ERROR	ERROR	ERROR	ERROR	ERROR
2025.06.29 01:29	ERROR	ERROR	ERROR	ERROR	ERROR
2025.06.29 01:30	ERROR	ERROR	ERROR	ERROR	ERROR
2025.06.29 01:31	ERROR	ERROR	ERROR	ERROR	ERROR
2025.06.29 01:32	ERROR	ERROR	ERROR	ERROR	ERROR
2025.06.29 01:33	ERROR	ERROR	ERROR	ERROR	ERROR
2025.06.29 01:34	ERROR	ERROR	ERROR	ERROR	ERROR
2025.06.29 01:35	ERROR	ERROR	ERROR	ERROR	ERROR
2025.06.29 01:36	ERROR	ERROR	ERROR	ERROR	ERROR
2025.06.29 01:37	ERROR	ERROR	ERROR	ERROR	ERROR
2025.06.29 01:38	ERROR	ERROR	ERROR	ERROR	ERROR
2025.06.29 01:39	ERROR	ERROR	ERROR	ERROR	ERROR
2025.06.29 01:40	ERROR	ERROR	ERROR	ERROR	ERROR
2025.06.29 01:41	ERROR	ERROR	ERROR	ERROR	ERROR
2025.06.29 01:42	ERROR	ERROR	ERROR	ERROR	ERROR
2025.06.29 01:43	ERROR	ERROR	ERROR	ERROR	ERROR
2025.06.29 01:44	ERROR	ERROR	ERROR	ERROR	ERROR
2025.06.29 01:45	ERROR	ERROR	ERROR	ERROR	ERROR
2025.06.29 01:46	ERROR	ERROR	ERROR	ERROR	ERROR
2025.06.29 01:47	ERROR	ERROR	ERROR	ERROR	ERROR
2025.06.29 01:48	ERROR	ERROR	ERROR	ERROR	ERROR
2025.06.29 01:49	ERROR	ERROR	ERROR	ERROR	ERROR
2025.06.29 01:50	ERROR	ERROR	ERROR	ERROR	ERROR
2025.06.29 01:51	ERROR	ERROR	ERROR	ERROR	ERROR
2025.06.29 01:52	ERROR	ERROR	ERROR	ERROR	ERROR
2025.06.29 01:53	ERROR	ERROR	ERROR	ERROR	ERROR
2025.06.29 01:54	ERROR	ERROR	ERROR	ERROR	ERROR
2025.06.29 01:55	ERROR	ERROR	ERROR	ERROR	ERROR
2025.06.29 01:56	ERROR	ERROR	ERROR	ERROR	ERROR
2025.06.29 01:57	ERROR	ERROR	ERROR	ERROR	ERROR
2025.06.29 01:58	ERROR	ERROR	ERROR	ERROR	ERROR
2025.06.29 01:59	ERROR	ERROR	ERROR	ERROR	ERROR
2025.06.29 02:00	ERROR	ERROR	ERROR	ERROR	ERROR
2025.06.29 02:01	ERROR	ERROR	ERROR	ERROR	ERROR
2025.06.29 02:02	ERROR	ERROR	ERROR	ERROR	ERROR
2025.06.29 02:03	ERROR	ERROR	ERROR	ERROR	ERROR
2025.06.29 02:04	ERROR	ERROR	ERROR	ERROR	ERROR
2025.06.29 02:05	ERROR	ERROR	ERROR	ERROR	ERROR
2025.06.29 02:06	ERROR	ERROR	ERROR	ERROR	ERROR
2025.06.29 02:07	ERROR	ERROR	ERROR	ERROR	ERROR
2025.06.29 02:08	ERROR	ERROR	ERROR	ERROR	ERROR
2025.06.29 02:09	ERROR	ERROR	ERROR	ERROR	ERROR
2025.06.29 02:10	ERROR	ERROR	ERROR	ERROR	ERROR
2025.06.29 02:11	ERROR	ERROR	ERROR	ERROR	ERROR
2025.06.29 02:12	ERROR	ERROR	ERROR	ERROR	ERROR
2025.06.29 02:13	ERROR	ERROR	ERROR	ERROR	ERROR
2025.06.29 02:14	ERROR	ERROR	ERROR	ERROR	ERROR
2025.06.29 02:15	ERROR	ERROR	ERROR	ERROR	ERROR
2025.06.29 02:16	ERROR	ERROR	ERROR	ERROR	ERROR
2025.06.29 02:17	ERROR	ERROR	ERROR	ERROR	ERROR
2025.06.29 02:18	ERROR	ERROR	ERROR	ERROR	ERROR
2025.06.29 02:19	ERROR	ERROR	ERROR	ERROR	ERROR
2025.06.29 02:20	ERROR	ERROR	ERROR	ERROR	ERROR
2025.06.29 02:21	ERROR	ERROR	ERROR	ERROR	ERROR
2025.06.29 02:22	ERROR	ERROR	ERROR	ERROR	ERROR
2025.06.29 02:23	ERROR	ERROR	ERROR	ERROR	ERROR
2025.06.29 02:24	ERROR	ERROR	ERROR	ERROR	ERROR
2025.06.29 02:25	ERROR	ERROR	ERROR	ERROR	ERROR
2025.06.29 02:26	ERROR	ERROR	ERROR	ERROR	ERROR
2025.06.29 02:27	ERROR	ERROR	ERROR	ERROR	ERROR
2025.06.29 02:28	ERROR	ERROR	ERROR	ERROR	ERROR
2025.06.29 02:29	ERROR	ERROR	ERROR	ERROR	ERROR
2025.06.29 02:30	ERROR	ERROR	ERROR	ERROR	ERROR
2025.06.29 02:31	ERROR	ERROR	ERROR	ERROR	ERROR
2025.06.29 02:32	ERROR	ERROR	ERROR	ERROR	ERROR
2025.06.29 02:33	ERROR	ERROR	ERROR	ERROR	ERROR
2025.06.29 02:34	ERROR	ERROR	ERROR	ERROR	ERROR
2025.06.29 02:35	ERROR	ERROR	ERROR	ERROR	ERROR
2025.06.29 02:36	ERROR	ERROR	ERROR	ERROR	ERROR
2025.06.29 02:37	ERROR	ERROR	ERROR	ERROR	ERROR
2025.06.29 02:38	ERROR	ERROR	ERROR	ERROR	ERROR
2025.06.29 02:39	ERROR	ERROR	ERROR	ERROR	ERROR
2025.06.29 02:40	ERROR	ERROR	ERROR	ERROR	ERROR
2025.06.29 02:41	ERROR	ERROR	ERROR	ERROR	ERROR
2025.06.29 02:42	ERROR	ERROR	ERROR	ERROR	ERROR
2025.06.29 02:43	ERROR	ERROR	ERROR	ERROR	ERROR
2025.06.29 02:44	ERROR	ERROR	ERROR	ERROR	ERROR
2025.06.29 02:45	ERROR	ERROR	ERROR	ERROR	ERROR
2025.06.29 02:46	ERROR	ERROR	ERROR	ERROR	ERROR
2025.06.29 02:47	ERROR	ERROR	ERROR	ERROR	ERROR
2025.06.29 02:48	ERROR	ERROR	ERROR	ERROR	ERROR
2025.06.29 02:49	ERROR	ERROR	ERROR	ERROR	ERROR
2025.06.29 02:50	ERROR	ERROR	ERROR	ERROR	ERROR
2025.06.29 02:51	ERROR	ERROR	ERROR	ERROR	ERROR
2025.06.29 02:52	ERROR	ERROR	ERROR	ERROR	ERROR
2025.06.29 02:53	ERROR	ERROR	ERROR	ERROR	ERROR
2025.06.29 02:54	ERROR	ERROR	ERROR	ERROR	ERROR
2025.06.29 02:55	ERROR	ERROR	ERROR	ERROR	ERROR
2025.06.29 02:56	ERROR	ERROR	ERROR	ERROR	ERROR
2025.06.29 02:57	ERROR	ERROR	ERROR	ERROR	ERROR
2025.06.29 02:58	ERROR	ERROR	ERROR	ERROR	ERROR
2025.06.29 02:59	ERROR	ERROR	ERROR	ERROR	ERROR
2025.06.29 03:00	ERROR	ERROR	ERROR	ERROR	ERROR
2025.06.29 03:01	ERROR	ERROR	ERROR	ERROR	ERROR
2025.06.29 03:02	ERROR	ERROR	ERROR	ERROR	ERROR
2025.06.29 03:03	ERROR	ERROR	ERROR	ERROR	ERROR
2025.06.29 03:04	ERROR	ERROR	ERROR	ERROR	ERROR
2025.06.29 03:05	ERROR	ERROR	ERROR	ERROR	ERROR
2025.06.29 03:06	ERROR	ERROR	ERROR	ERROR	ERROR
2025.06.29 03:07	ERROR	ERROR	ERROR	ERROR	ERROR
2025.06.29 03:08	ERROR	ERROR	ERROR	ERROR	ERROR
2025.06.29 03:09	ERROR	ERROR	ERROR	ERROR	ERROR
2025.06.29 03:10	ERROR	ERROR	ERROR	ERROR	ERROR
2025.06.29 03:11	ERROR	ERROR	ERROR	ERROR	ERROR
2025.06.29 03:12	ERROR	ERROR	ERROR	ERROR	ERROR
2025.06.29 03:13	ERROR	ERROR	ERROR	ERROR	ERROR
2025.06.29 03:14	ERROR	ERROR	ERROR	ERROR	ERROR
2025.06.29 03:15	ERROR	ERROR	ERROR	ERROR	ERROR
2025.06.29 03:16	ERROR	ERROR	ERROR	ERROR	ERROR
2025.06.29 03:17	ERROR	ERROR	ERROR	ERROR	ERROR
2025.06.29 03:18	ERROR	ERROR	ERROR	ERROR	ERROR
2025.06.29 03:19	ERROR	ERROR	ERROR	ERROR	ERROR
2025.06.29 03:20	ERROR	ERROR	ERROR	ERROR	ERROR
2025.06.29 03:21	ERROR	ERROR	ERROR	ERROR	ERROR
2025.06.29 03:22	ERROR	ERROR	ERROR	ERROR	ERROR
2025.06.29 03:23	ERROR	ERROR	ERROR	ERROR	ERROR
2025.06.29 03:24	ERROR	ERROR	ERROR	ERROR	ERROR
2025.06.29 03:25	ERROR	ERROR	ERROR	ERROR	ERROR
2025.06.29 03:26	ERROR	ERROR	ERROR	ERROR	ERROR
2025.06.29 03:27	ERROR	ERROR	ERROR	ERROR	ERROR
2025.06.29 03:28	ERROR	ERROR	ERROR	ERROR	ERROR
2025.06.29 03:29	ERROR	ERROR	ERROR	ERROR	ERROR
2025.06.29 03:30	ERROR	ERROR	ERROR	ERROR	ERROR
2025.06.29 03:31	ERROR	ERROR	ERROR	ERROR	ERROR
2025.06.29 03:32	ERROR	ERROR	ERROR	ERROR	ERROR
2025.06.29 03:33	ERROR	ERROR	ERROR	ERROR	ERROR
2025.06.29 03:34	ERROR	ERROR	ERROR	ERROR	ERROR
2025.06.29 03:35	ERROR	ERROR	ERROR	ERROR	ERROR
2025.06.29 03:36	ERROR	ERROR	ERROR	ERROR	ERROR
2025.06.29 03:37	ERROR	ERROR	ERROR	ERROR	ERROR
2025.06.29 03:38	ERROR	ERROR	ERROR	ERROR	ERROR
2025.06.29 03:39	ERROR	ERROR	ERROR	ERROR	ERROR
2025.06.29 03:40	ERROR	ERROR	ERROR	ERROR	ERROR
2025.06.29 03:41	ERROR	ERROR	ERROR	ERROR	ERROR
2025.06.29 03:42	ERROR	ERROR	ERROR	ERROR	ERROR
2025.06.29 03:43	ERROR	ERROR	ERROR	ERROR	ERROR
2025.06.29 03:44	ERROR	ERROR	ERROR	ERROR	ERROR
2025.06.29 03:45	ERROR	ERROR	ERROR	ERROR	ERROR
2025.06.29 03:46	ERROR	ERROR	ERROR	ERROR	ERROR
2025.06.29 03:47	ERROR	ERROR	ERROR	ERROR	ERROR
2025.06.29 03:48	ERROR	ERROR	ERROR	ERROR	ERROR
2025.06.29 03:49	ERROR	ERROR	ERROR	ERROR	ERROR
2025.06.29 03:50	ERROR	ERROR	ERROR	ERROR	ERROR
2025.06.29 03:51	ERROR	ERROR	ERROR	ERROR	ERROR
2025.06.29 03:52	ERROR	ERROR	ERROR	ERROR	ERROR
2025.06.29 03:53	ERROR	ERROR	ERROR	ERROR	ERROR
2025.06.29 03:54	ERROR	ERROR	ERROR	ERROR	ERROR
2025.06.29 03:55	ERROR	ERROR	ERROR	ERROR	ERROR
2025.06.29 03:56	ERROR	ERROR	ERROR	ERROR	ERROR
2025.06.29 03:57	ERROR	ERROR	ERROR	ERROR	ERROR
2025.06.29 03:58	ERROR	ERROR	ERROR	ERROR	ERROR
2025.06.29 03:59	ERROR	ERROR	ERROR	ERROR	ERROR
2025.06.29 04:00	ERROR	ERROR	ERROR	ERROR	ERROR
2025.06.29 04:01	ERROR	ERROR	ERROR	ERROR	ERROR
2025.06.29 04:02	ERROR	ERROR	ERROR	ERROR	ERROR
2025.06.29 04:03	ERROR	ERROR	ERROR	ERROR	ERROR
2025.06.29 04:04	ERROR	ERROR	ERROR	ERROR	ERROR
2025.06.29 04:05	ERROR	ERROR	ERROR	ERROR	ERROR
2025.06.29 04:06	ERROR	ERROR	ERROR	ERROR	ERROR
2025.06.29 04:07	ERROR	ERROR	ERROR	ERROR	ERROR
2025.06.29 04:08	ERROR	ERROR	ERROR	ERROR	ERROR
2025.06.29 04:09	ERROR	ERROR	ERROR	ERROR	ERROR
2025.06.29 04:10	ERROR	ERROR	ERROR	ERROR	ERROR
2025.06.29 04:11	ERROR	ERROR	ERROR	ERROR	ERROR
2025.06.29 04:12	ERROR	ERROR	ERROR	ERROR	ERROR
2025.06.29 04:13	ERROR	ERROR	ERROR	ERROR	ERROR
2025.06.29 04:14	ERROR	ERROR	ERROR	ERROR	ERROR
2025.06.29 04:15	ERROR	ERROR	ERROR	ERROR	ERROR
2025.06.29 04:16	ERROR	ERROR	ERROR	ERROR	ERROR
2025.06.29 04:17	ERROR	ERROR	ERROR	ERROR	ERROR
2025.06.29 04:18	ERROR	ERROR	ERROR	ERROR	ERROR
2025.06.29 04:19	ERROR	ERROR	ERROR	ERROR	ERROR
2025.06.29 04:20	ERROR	ERROR	ERROR	ERROR	ERROR
2025.06.29 04:21	ERROR	ERROR	ERROR	ERROR	ERROR
2025.06.29 04:22	ERROR	ERROR	ERROR	ERROR	ERROR
2025.06.29 04:23	ERROR	ERROR	ERROR	ERROR	ERROR
2025.06.29 04:24	ERROR	ERROR	ERROR	ERROR	ERROR
2025.06.29 04:25	ERROR	ERROR	ERROR	ERROR	ERROR
2025.06.29 04:26	ERROR	ERROR	ERROR	ERROR	ERROR
2025.06.29 04:27	ERROR	ERROR	ERROR	ERROR	ERROR
2025.06.29 04:28	ERROR	ERROR	ERROR	ERROR	ERROR
2025.06.29 04:29	ERROR	ERROR	ERROR	ERROR	ERROR
2025.06.29 04:30	ERROR	ERROR	ERROR	ERROR	ERROR
2025.06.29 04:31	ERROR	ERROR	ERROR	ERROR	ERROR
2025.06.29 04:32	ERROR	ERROR	ERROR	ERROR	ERROR
2025.06.29 04:33	ERROR	ERROR	ERROR	ERROR	ERROR
2025.06.29 04:34	ERROR	ERROR	ERROR	ERROR	ERROR
2025.06.29 04:35	ERROR	ERROR	ERROR	ERROR	ERROR
2025.06.29 04:36	ERROR	ERROR	ERROR	ERROR	ERROR
2025.06.29 04:37	ERROR	ERROR	ERROR	ERROR	ERROR
2025.06.29 04:38	ERROR	ERROR	ERROR	ERROR	ERROR
2025.06.29 04:39	ERROR	ERROR	ERROR	ERROR	ERROR
2025.06.29 04:40	ERROR	ERROR	ERROR	ERROR	ERROR
2025.06.29 04:41	ERROR	ERROR	ERROR	ERROR	ERROR
2025.06.29 04:42	ERROR	ERROR	ERROR	ERROR	ERROR
2025.06.29 04:43	ERROR	ERROR	ERROR	ERROR	ERROR
2025.06.29 04:44	ERROR	ERROR	ERROR	ERROR	ERROR
2025.06.29 04:45	ERROR	ERROR	ERROR	ERROR	ERROR
2025.06.29 04:46	ERROR	ERROR	ERROR	ERROR	ERROR
2025.06.29 04:47	ERROR	ERROR	ERROR	ERROR	ERROR
2025.06.29 04:48	ERROR	ERROR	ERROR	ERROR	ERROR
2025.06.29 04:49	ERROR	ERROR	ERROR	ERROR	ERROR
2025.06.29 04:50	ERROR	ERROR	ERROR	ERROR	ERROR
2025.06.29 04:51	ERROR	ERROR	ERROR	ERROR	ERROR
2025.06.29 04:52	ERROR	ERROR	ERROR	ERROR	ERROR
2025.06.29 04:53	ERROR	ERROR	ERROR	ERROR	ERROR
2025.06.29 04:54	ERROR	ERROR	ERROR	ERROR	ERROR
2025.06.29 04:55	ERROR	ERROR	ERROR	ERROR	ERROR
2025.06.29 04:56	ERROR	ERROR	ERROR	ERROR	ERROR
2025.06.29 04:57	ERROR	ERROR	ERROR	ERROR	ERROR
2025.06.29 04:58	ERROR	ERROR	ERROR	ERROR	ERROR
2025.06.29 04:59	ERROR	ERROR	ERROR	ERROR	ERROR
2025.06.29 05:00	ERROR	ERROR	ERROR	ERROR	ERROR
2025.06.29 05:01	ERROR	ERROR	ERROR	ERROR	ERROR
2025.06.29 05:02	ERROR	ERROR	ERROR	ERROR	ERROR
2025.06.29 05:03	ERROR	ERROR	ERROR	ERROR	ERROR
2025.06.29 05:04	ERROR	ERROR	ERROR	ERROR	ERROR
2025.06.29 05:05	ERROR	ERROR	ERROR	ERROR	ERROR
2025.06.29 05:06	ERROR	ERROR	ERROR	ERROR	ERROR
2025.06.29 05:07	ERROR	ERROR	ERROR	ERROR	ERROR
2025.06.29 05:08	ERROR	ERROR	ERROR	ERROR	ERROR
2025.06.29 05:09	ERROR	ERROR	ERROR	ERROR	ERROR
2025.06.29 05:10	ERROR	ERROR	ERROR	ERROR	ERROR
2025.06.29 05:11	ERROR	ERROR	ERROR	ERROR	ERROR
2025.06.29 05:12	ERROR	ERROR	ERROR	ERROR	ERROR
2025.06.29 05:13	ERROR	ERROR	ERROR	ERROR	ERROR
2025.06.29 05:14	ERROR	ERROR	ERROR	ERROR	ERROR
2025.06.29 05:15	ERROR	ERROR	ERROR	ERROR	ERROR
2025.06.29 05:16	ERROR	ERROR	ERROR	ERROR	ERROR
2025.06.29 05:17	ERROR	ERROR	ERROR	ERROR	ERROR
2025.06.29 05:18	ERROR	ERROR	ERROR	ERROR	ERROR
2025.06.29 05:19	ERROR	ERROR	ERROR	ERROR	ERROR
2025.06.29 05:20	ERROR	ERROR	ERROR	ERROR	ERROR
2025.06.29 05:21	ERROR	ERROR	ERROR	ERROR	ERROR
2025.06.29 05:22	ERROR	ERROR	ERROR	ERROR	ERROR
2025.06.29 05:23	ERROR	ERROR	ERROR	ERROR	ERROR
2025.06.29 05:24	ERROR	ERROR	ERROR	ERROR	ERROR
2025.06.29 05:25	ERROR	ERROR	ERROR	ERROR	ERROR
2025.06.29 05:26	ERROR	ERROR	ERROR	ERROR	ERROR
2025.06.29 05:27	ERROR	ERROR	ERROR	ERROR	ERROR
2025.06.29 05:28	ERROR	ERROR	ERROR	ERROR	ERROR
2025.06.29 05:29	ERROR	ERROR	ERROR	ERROR	ERROR
2025.06.29 05:30	ERROR	ERROR	ERROR	ERROR	ERROR
2025.06.29 05:31	ERROR	ERROR	ERROR	ERROR	ERROR
2025.06.29 05:32	ERROR	ERROR	ERROR	ERROR	ERROR
2025.06.29 05:33	ERROR	ERROR	ERROR	ERROR	ERROR
2025.06.29 05:34	ERROR	ERROR	ERROR	ERROR	ERROR
2025.06.29 05:35	ERROR	ERROR	ERROR	ERROR	ERROR
2025.06.29 05:36	ERROR	ERROR	ERROR	ERROR	ERROR
2025.06.29 05:37	ERROR	ERROR	ERROR	ERROR	ERROR
2025.06.29 05:38	ERROR	ERROR	ERROR	ERROR	ERROR
2025.06.29 05:39	ERROR	ERROR	ERROR	ERROR	ERROR
2025.06.29 05:40	ERROR	ERROR	ERROR	ERROR	ERROR
2025.06.29 05:41	ERROR	ERROR	ERROR	ERROR	ERROR
2025.06.29 05:42	ERROR	ERROR	ERROR	ERROR	ERROR
2025.06.29 05:43	ERROR	ERROR	ERROR	ERROR	ERROR
2025.06.29 05:44	ERROR	ERROR	ERROR	ERROR	ERROR
2025.06.29 05:45	ERROR	ERROR	ERROR	ERROR	ERROR
2025.06.29 05:46	ERROR	ERROR	ERROR	ERROR	ERROR
2025.06.29 05:47	ERROR	ERROR	ERROR	ERROR	ERROR
2025.06.29 05:48	ERROR	ERROR	ERROR	ERROR	ERROR
2025.06.29 05:49	ERROR	ERROR	ERROR	ERROR	ERROR
2025.06.29 05:50	ERROR	ERROR	ERROR	ERROR	ERROR
2025.06.29 05:51	ERROR	ERROR	ERROR	ERROR	ERROR
2025.06.29 05:52	ERROR	ERROR	ERROR	ERROR	ERROR
2025.06.29 05:53	ERROR	ERROR	ERROR	ERROR	ERROR
2025.06.29 05:54	ERROR	ERROR	ERROR	ERROR	ERROR
2025.06.29 05:55	ERROR	ERROR	ERROR	ERROR	ERROR
2025.06.29 05:56	ERROR	ERROR	ERROR	ERROR	ERROR
2025.06.29 05:57	ERROR	ERROR	ERROR	ERROR	ERROR
2025.06.29 05:58	ERROR	ERROR	ERROR	ERROR	ERROR
2025.06.29 05:59	ERROR	ERROR	ERROR	ERROR	ERROR
2025.06.29 06:00	ERROR	ERROR	ERROR	ERROR	ERROR
2025.06.29 06:01	ERROR	ERROR	ERROR	ERROR	ERROR
2025.06.29 06:02	ERROR	ERROR	ERROR	ERROR	ERROR
2025.06.29 06:03	ERROR	ERROR	ERROR	ERROR	ERROR
2025.06.29 06:04	ERROR	ERROR	ERROR	ERROR	ERROR
2025.06.29 06:05	ERROR	ERROR	ERROR	ERROR	ERROR
2025.06.29 06:06	ERROR	ERROR	ERROR	ERROR	ERROR
2025.06.29 06:07	ERROR	ERROR	ERROR	ERROR	ERROR
2025.06.29 06:08	ERROR	ERROR	ERROR	ERROR	ERROR
2025.06.29 06:09	ERROR	ERROR	ERROR	ERROR	ERROR
2025.06.29 06:10	ERROR	ERROR	ERROR	ERROR	ERROR
2025.06.29 06:11	ERROR	ERROR	ERROR	ERROR	ERROR
2025.06.29 06:12	ERROR	ERROR	ERROR	ERROR	ERROR
2025.06.29 06:13	ERROR	ERROR	ERROR	ERROR	ERROR
2025.06.29 06:14	ERROR	ERROR	ERROR	ERROR	ERROR
2025.06.29 06:15	ERROR	ERROR	ERROR	ERROR	ERROR
2025.06.29 06:16	ERROR	ERROR	ERROR	ERROR	ERROR
2025.06.29 06:17	ERROR	ERROR	ERROR	ERROR	ERROR
2025.06.29 06:18	ERROR	ERROR	ERROR	ERROR	ERROR
2025.06.29 06:19	ERROR	ERROR	ERROR	ERROR	ERROR
2025.06.29 06:20	ERROR	ERROR	ERROR	ERROR	ERROR
2025.06.29 06:21	ERROR	ERROR	ERROR	ERROR	ERROR
2025.06.29 06:22	ERROR	ERROR	ERROR	ERROR	ERROR
2025.06.29 06:23	ERROR	ERROR	ERROR	ERROR	ERROR
2025.06.29 06:24	ERROR	ERROR	ERROR	ERROR	ERROR
2025.06.29 06:25	ERROR	ERROR	ERROR	ERROR	ERROR
2025.06.29 06:26	ERROR	ERROR	ERROR	ERROR	ERROR
2025.06.29 06:27	ERROR	ERROR	ERROR	ERROR	ERROR
2025.06.29 06:28	ERROR	ERROR	ERROR	ERROR	ERROR
2025.06.29 06:29	ERROR	ERROR	ERROR	ERROR	ERROR
2025.06.29 06:30	ERROR	ERROR	ERROR	ERROR	ERROR
2025.06.29 06:31	ERROR	ERROR	ERROR	ERROR	ERROR
2025.06.29 06:32	ERROR	ERROR	ERROR	ERROR	ERROR
2025.06.29 06:33	ERROR	ERROR	ERROR	ERROR	ERROR
2025.06.29 06:34	ERROR	ERROR	ERROR	ERROR	ERROR
2025.06.29 06:35	ERROR	ERROR	ERROR	ERROR	ERROR
2025.06.29 06:36	ERROR	ERROR	ERROR	ERROR	ERROR
2025.06.29 06:37	ERROR	ERROR	ERROR	ERROR	ERROR
2025.06.29 06:38	ERROR	ERROR	ERROR	ERROR	ERROR
2025.06.29 06:39	ERROR	ERROR	ERROR	ERROR	ERROR
2025.06.29 06:40	ERROR	ERROR	ERROR	ERROR	ERROR
2025.06.29 06:41	ERROR	ERROR	ERROR	ERROR	ERROR
2025.06.29 06:42	ERROR	ERROR	ERROR	ERROR	ERROR
2025.06.29 06:43	ERROR	ERROR	ERROR	ERROR	ERROR
2025.06.29 06:44	ERROR	ERROR	ERROR	ERROR	ERROR
2025.06.29 06:45	ERROR	ERROR	ERROR	ERROR	ERROR
2025.06.29 06:46	ERROR	ERROR	ERROR	ERROR	ERROR
2025.06.29 06:47	ERROR	ERROR	ERROR	ERROR	ERROR
2025.06.29 06:48	ERROR	ERROR	ERROR	ERROR	ERROR
2025.06.29 06:49	ERROR	ERROR	ERROR	ERROR	ERROR
2025.06.29 06:50	ERROR	ERROR	ERROR	ERROR	ERROR
2025.06.29 06:51	ERROR	ERROR	ERROR	ERROR	ERROR
2025.06.29 06:52	ERROR	ERROR	ERROR	ERROR	ERROR
2025.06.29 06:53	ERROR	ERROR	ERROR	ERROR	ERROR
2025.06.29 06:54	ERROR	ERROR	ERROR	ERROR	ERROR
2025.06.29 06:55	ERROR	ERROR	ERROR	ERROR	ERROR
2025.06.29 06:56	ERROR	ERROR	ERROR	ERROR	ERROR
2025.06.29 06:57	ERROR	ERROR	ERROR	ERROR	ERROR
2025.06.29 06:58	ERROR	ERROR	ERROR	ERROR	ERROR
2025.06.29 06:59	ERROR	ERROR	ERROR	ERROR	ERROR
2025.06.29 07:00	ERROR	ERROR	ERROR	ERROR	ERROR
2025.06.29 07:01	ERROR	ERROR	ERROR	ERROR	ERROR
2025.06.29 07:02	ERROR	ERROR	ERROR	ERROR	ERROR
2025.06.29 07:03	ERROR	ERROR	ERROR	ERROR	ERROR
2025.06.29 07:04	ERROR	ERROR	ERROR	ERROR	ERROR
2025.06.29 07:05	ERROR	ERROR	ERROR	ERROR	ERROR
2025.06.29 07:06	ERROR	ERROR	ERROR	ERROR	ERROR
2025.06.29 07:07	ERROR	ERROR	ERROR	ERROR	ERROR
2025.06.29 07:08	ERROR	ERROR	ERROR	ERROR	ERROR
2025.06.29 07:09	ERROR	ERROR	ERROR	ERROR	ERROR
2025.06.29 07:10	ERROR	ERROR	ERROR	ERROR	ERROR
2025.06.29 07:11	ERROR	ERROR	ERROR	ERROR	ERROR
2025.06.29 07:12	ERROR	ERROR	ERROR	ERROR	ERROR
2025.06.29 07:13	ERROR	ERROR	ERROR	ERROR	ERROR
2025.06.29 07:14	ERROR	ERROR	ERROR	ERROR	ERROR
2025.06.29 07:15	ERROR	ERROR	ERROR	ERROR	ERROR
2025.06.29 07:16	ERROR	ERROR	ERROR	ERROR	ERROR
2025.06.29 07:17	ERROR	ERROR	ERROR	ERROR	ERROR
2025.06.29 07:18	ERROR	ERROR	ERROR	ERROR	ERROR
2025.06.29 07:19	ERROR	ERROR	ERROR	ERROR	ERROR
2025.06.29 07:20	ERROR	ERROR	ERROR	ERROR	ERROR
2025.06.29 07:21	ERROR	ERROR	ERROR	ERROR	ERROR
2025.06.29 07:22	ERROR	ERROR	ERROR	ERROR	ERROR
2025.06.29 07:23	ERROR	ERROR	ERROR	ERROR	ERROR
2025.06.29 07:24	ERROR	ERROR	ERROR	ERROR	ERROR
2025.06.29 07:25	ERROR	ERROR	ERROR	ERROR	ERROR
2025.06.29 07:26	ERROR	ERROR	ERROR	ERROR	ERROR
2025.06.29 07:27	ERROR	ERROR	ERROR	ERROR	ERROR
2025.06.29 07:28	ERROR	ERROR	ERROR	ERROR	ERROR
2025.06.29 07:29	ERROR	ERROR	ERROR	ERROR	ERROR
2025.06.29 07:30	ERROR	ERROR	ERROR	ERROR	ERROR
2025.06.29 07:31	ERROR	ERROR	ERROR	ERROR	ERROR
2025.06.29 07:32	ERROR	ERROR	ERROR	ERROR	ERROR
2025.06.29 07:33	ERROR	ERROR	ERROR	ERROR	ERROR
2025.06.29 07:34	ERROR	ERROR	ERROR	ERROR	ERROR
2025.06.29 07:35	ERROR	ERROR	ERROR	ERROR	ERROR
2025.06.29 07:36	ERROR	ERROR	ERROR	ERROR	ERROR
2025.06.29 07:37	ERROR	ERROR	ERROR	ERROR	ERROR
2025.06.29 07:38	ERROR	ERROR	ERROR	ERROR	ERROR
2025.06.29 07:39	ERROR	ERROR	ERROR	ERROR	ERROR
2025.06.29 07:40	ERROR	ERROR	ERROR	ERROR	ERROR
2025.06.29 07:41	ERROR	ERROR	ERROR	ERROR	ERROR
2025.06.29 07:42	ERROR	ERROR	ERROR	ERROR	ERROR
2025.06.29 07:43	ERROR	ERROR	ERROR	ERROR	ERROR
2025.06.29 07:44	ERROR	ERROR	ERROR	ERROR	ERROR
2025.06.29 07:45	ERROR	ERROR	ERROR	ERROR	ERROR
2025.06.29 07:46	ERROR	ERROR	ERROR	ERROR	ERROR
2025.06.29 07:47	ERROR	ERROR	ERROR	ERROR	ERROR
2025.06.29 07:48	ERROR	ERROR	ERROR	ERROR	ERROR
2025.06.29 07:49	ERROR	ERROR	ERROR	ERROR	ERROR
2025.06.29 07:50	ERROR	ERROR	ERROR	ERROR	ERROR
2025.06.29 07:51	ERROR	ERROR	ERROR	ERROR	ERROR
2025.06.29 07:52	ERROR	ERROR	ERROR	ERROR	ERROR
2025.06.29 07:53	ERROR	ERROR	ERROR	ERROR	ERROR
2025.06.29 07:54	ERROR	ERROR	ERROR	ERROR	ERROR
2025.06.29 07:55	ERROR	ERROR	ERROR	ERROR	ERROR
2025.06.29 07:56	ERROR	ERROR	ERROR	ERROR	ERROR
2025.06.29 07:57	ERROR	ERROR	ERROR	ERROR	ERROR
2025.06.29 07:58	ERROR	ERROR	ERROR	ERROR	ERROR
2025.06.29 07:59	ERROR	ERROR	ERROR	ERROR	ERROR
2025.06.29 08:00	ERROR	ERROR	ERROR	ERROR	ERROR
2025.06.29 08:01	ERROR	ERROR	ERROR	ERROR	ERROR
2025.06.29 08:02	ERROR	ERROR	ERROR	ERROR	ERROR
2025.06.29 08:03	ERROR	ERROR	ERROR	ERROR	ERROR
2025.06.29 08:04	ERROR	ERROR	ERROR	ERROR	ERROR
2025.06.29 08:05	ERROR	ERROR	ERROR	ERROR	ERROR
2025.06.29 08:06	ERROR	ERROR	ERROR	ERROR	ERROR
2025.06.29 08:07	ERROR	ERROR	ERROR	ERROR	ERROR
2025.06.29 08:08	ERROR	ERROR	ERROR	ERROR	ERROR
2025.06.29 08:09	ERROR	ERROR	ERROR	ERROR	ERROR
2025.06.29 08:10	ERROR	ERROR	ERROR	ERROR	ERROR
2025.06.29 08:11	ERROR	ERROR	ERROR	ERROR	ERROR
2025.06.29 08:12	ERROR	ERROR	ERROR	ERROR	ERROR
2025.06.29 08:13	ERROR	ERROR	ERROR	ERROR	ERROR
2025.06.29 08:14	ERROR	ERROR	ERROR	ERROR	ERROR
2025.06.29 08:15	ERROR	ERROR	ERROR	ERROR	ERROR
2025.06.29 08:16	ERROR	ERROR	ERROR	ERROR	ERROR
2025.06.29 08:17	ERROR	ERROR	ERROR	ERROR	ERROR
2025.06.29 08:18	ERROR	ERROR	ERROR	ERROR	ERROR
2025.06.29 08:19	ERROR	ERROR	ERROR	ERROR	ERROR
2025.06.29 08:20	ERROR	ERROR	ERROR	ERROR	ERROR
2025.06.29 08:21	ERROR	ERROR	ERROR	ERROR	ERROR
2025.06.29 08:22	ERROR	ERROR	ERROR	ERROR	ERROR
2025.06.29 08:23	ERROR	ERROR	ERROR	ERROR	ERROR
2025.06.29 08:24	ERROR	ERROR	ERROR	ERROR	ERROR
2025.06.29 08:25	ERROR	ERROR	ERROR	ERROR	ERROR
2025.06.29 08:26	ERROR	ERROR	ERROR	ERROR	ERROR
2025.06.29 08:27	ERROR	ERROR	ERROR	ERROR	ERROR
2025.06.29 08:28	ERROR	ERROR	ERROR	ERROR	ERROR
2025.06.29 08:29	ERROR	ERROR	ERROR	ERROR	ERROR
2025.06.29 08:30	ERROR	ERROR	ERROR	ERROR	ERROR
2025.06.29 08:31	ERROR	ERROR	ERROR	ERROR	ERROR
2025.06.29 08:32	ERROR	ERROR	ERROR	ERROR	ERROR
2025.06.29 08:33	ERROR	ERROR	ERROR	ERROR	ERROR
2025.06.29 08:34	ERROR	ERROR	ERROR	ERROR	ERROR
2025.06.29 08:35	ERROR	ERROR	ERROR	ERROR	ERROR
2025.06.29 08:36	ERROR	ERROR	ERROR	ERROR	ERROR
2025.06.29 08:37	ERROR	ERROR	ERROR	ERROR	ERROR
2025.06.29 08:38	ERROR	ERROR	ERROR	ERROR	ERROR
2025.06.29 08:39	ERROR	ERROR	ERROR	ERROR	ERROR
2025.06.29 08:40	ERROR	ERROR	ERROR	ERROR	ERROR
2025.06.29 08:41	ERROR	ERROR	ERROR	ERROR	ERROR
2025.06.29 08:42	ERROR	ERROR	ERROR	ERROR	ERROR
2025.06.29 08:43	ERROR	ERROR	ERROR	ERROR	ERROR
2025.06.29 08:44	ERROR	ERROR	ERROR	ERROR	ERROR
2025.06.29 08:45	ERROR	ERROR	ERROR	ERROR	ERROR
2025.06.29 08:46	ERROR	ERROR	ERROR	ERROR	ERROR
2025.06.29 08:47	ERROR	ERROR	ERROR	ERROR	ERROR
2025.06.29 08:48	ERROR	ERROR	ERROR	ERROR	ERROR
2025.06.29 08:49	ERROR	ERROR	ERROR	ERROR	ERROR
2025.06.29 08:50	ERROR	ERROR	ERROR	ERROR	ERROR
2025.06.29 08:51	ERROR	ERROR	ERROR	ERROR	ERROR
2025.06.29 08:52	ERROR	ERROR	ERROR	ERROR	ERROR
2025.06.29 08:53	ERROR	ERROR	ERROR	ERROR	ERROR
2025.06.29 08:54	ERROR	ERROR	ERROR	ERROR	ERROR
2025.06.29 08:55	ERROR	ERROR	ERROR	ERROR	ERROR
2025.06.29 08:56	ERROR	ERROR	ERROR	ERROR	ERROR
2025.06.29 08:57	ERROR	ERROR	ERROR	ERROR	ERROR
2025.06.29 08:58	ERROR	ERROR	ERROR	ERROR	ERROR
2025.06.29 08:59	ERROR	ERROR	ERROR	ERROR	ERROR
2025.06.29 09:00	ERROR	ERROR	ERROR	ERROR	ERROR
2025.06.29 09:01	ERROR	ERROR	ERROR	ERROR	ERROR
2025.06.29 09:02	ERROR	ERROR	ERROR	ERROR	ERROR
2025.06.29 09:03	ERROR	ERROR	ERROR	ERROR	ERROR
2025.06.29 09:04	ERROR	ERROR	ERROR	ERROR	ERROR
2025.06.29 09:05	ERROR	ERROR	ERROR	ERROR	ERROR
2025.06.29 09:06	ERROR	ERROR	ERROR	ERROR	ERROR
2025.06.29 09:07	ERROR	ERROR	ERROR	ERROR	ERROR
2025.06.29 09:08	ERROR	ERROR	ERROR	ERROR	ERROR
2025.06.29 09:09	ERROR	ERROR	ERROR	ERROR	ERROR
2025.06.29 09:10	ERROR	ERROR	ERROR	ERROR	ERROR
2025.06.29 09:11	ERROR	ERROR	ERROR	ERROR	ERROR
2025.06.29 09:12	ERROR	ERROR	ERROR	ERROR	ERROR
2025.06.29 09:13	ERROR	ERROR	ERROR	ERROR	ERROR
2025.06.29 09:14	ERROR	ERROR	ERROR	ERROR	ERROR
2025.06.29 09:15	ERROR	ERROR	ERROR	ERROR	ERROR
2025.06.29 09:16	ERROR	ERROR	ERROR	ERROR	ERROR
2025.06.29 09:17	ERROR	ERROR	ERROR	ERROR	ERROR
2025.06.29 09:18	ERROR	ERROR	ERROR	ERROR	ERROR
2025.06.29 09:19	ERROR	ERROR	ERROR	ERROR	ERROR
2025.06.29 09:20	ERROR	ERROR	ERROR	ERROR	ERROR
2025.06.29 09:21	ERROR	ERROR	ERROR	ERROR	ERROR
2025.06.29 09:22	ERROR	ERROR	ERROR	ERROR	ERROR
2025.06.29 09:23	ERROR	ERROR	ERROR	ERROR	ERROR
2025.06.29 09:24	ERROR	ERROR	ERROR	ERROR	ERROR
2025.06.29 09:25	ERROR	ERROR	ERROR	ERROR	ERROR
2025.06.29 09:26	ERROR	ERROR	ERROR	ERROR	ERROR
2025.06.29 09:27	ERROR	ERROR	ERROR	ERROR	ERROR
2025.06.29 09:28	ERROR	ERROR	ERROR	ERROR	ERROR
2025.06.29 09:29	ERROR	ERROR	ERROR	ERROR	ERROR
2025.06.29 09:30	ERROR	ERROR	ERROR	ERROR	ERROR
2025.06.29 09:31	ERROR	ERROR	ERROR	ERROR	ERROR
2025.06.29 09:32	ERROR	ERROR	ERROR	ERROR	ERROR
2025.06.29 09:33	ERROR	ERROR	ERROR	ERROR	ERROR
2025.06.29 09:34	ERROR	ERROR	ERROR	ERROR	ERROR
2025.06.29 09:35	ERROR	ERROR	ERROR	ERROR	ERROR
2025.06.29 09:36	ERROR	ERROR	ERROR	ERROR	ERROR
2025.06.29 09:37	ERROR	ERROR	ERROR	ERROR	ERROR
2025.06.29 09:38	ERROR	ERROR	ERROR	ERROR	ERROR
2025.06.29 09:39	ERROR	ERROR	ERROR	ERROR	ERROR
2025.06.29 09:40	ERROR	ERROR	ERROR	ERROR	ERROR
2025.06.29 09:41	ERROR	ERROR	ERROR	ERROR	ERROR
2025.06.29 09:42	ERROR	ERROR	ERROR	ERROR	ERROR
2025.06.29 09:43	ERROR	ERROR	ERROR	ERROR	ERROR
2025.06.29 09:44	ERROR	ERROR	ERROR	ERROR	ERROR
2025.06.29 09:45	ERROR	ERROR	ERROR	ERROR	ERROR
2025.06.29 09:46	ERROR	ERROR	ERROR	ERROR	ERROR
2025.06.29 09:47	ERROR	ERROR	ERROR	ERROR	ERROR
2025.06.29 09:48	ERROR	ERROR	ERROR	ERROR	ERROR
2025.06.29 09:49	ERROR	ERROR	ERROR	ERROR	ERROR
2025.06.29 09:50	ERROR	ERROR	ERROR	ERROR	ERROR
2025.06.29 09:51	ERROR	ERROR	ERROR	ERROR	ERROR
2025.06.29 09:52	ERROR	ERROR	ERROR	ERROR	ERROR
2025.06.29 09:53	ERROR	ERROR	ERROR	ERROR	ERROR
2025.06.29 09:54	ERROR	ERROR	ERROR	ERROR	ERROR
2025.06.29 09:55	ERROR	ERROR	ERROR	ERROR	ERROR
2025.06.29 09:56	ERROR	ERROR	ERROR	ERROR	ERROR
2025.06.29 09:57	ERROR	ERROR	ERROR	ERROR	ERROR
2025.06.29 09:58	ERROR	ERROR	ERROR	ERROR	ERROR
2025.06.29 09:59	ERROR	ERROR	ERROR	ERROR	ERROR
2025.06.29 10:00	ERROR	ERROR	ERROR	ERROR	ERROR
2025.06.29 10:01	ERROR	ERROR	ERROR	ERROR	ERROR
2025.06.29 10:02	ERROR	ERROR	ERROR	ERROR	ERROR
2025.06.29 10:03	ERROR	ERROR	ERROR	ERROR	ERROR
2025.06.29 10:04	ERROR	ERROR	ERROR	ERROR	ERROR
2025.06.29 10:05	ERROR	ERROR	ERROR	ERROR	ERROR
2025.06.29 10:06	ERROR	ERROR	ERROR	ERROR	ERROR
2025.06.29 10:07	ERROR	ERROR	ERROR	ERROR	ERROR
2025.06.29 10:08	ERROR	ERROR	ERROR	ERROR	ERROR
2025.06.29 10:09	ERROR	ERROR	ERROR	ERROR	ERROR
2025.06.29 10:10	ERROR	ERROR	ERROR	ERROR	ERROR
2025.06.29 10:11	ERROR	ERROR	ERROR	ERROR	ERROR
2025.06.29 10:12	ERROR	ERROR	ERROR	ERROR	ERROR
2025.06.29 10:13	ERROR	ERROR	ERROR	ERROR	ERROR
2025.06.29 10:14	ERROR	ERROR	ERROR	ERROR	ERROR
2025.06.29 10:15	ERROR	ERROR	ERROR	ERROR	ERROR
2025.06.29 10:16	ERROR	ERROR	ERROR	ERROR	ERROR
2025.06.29 10:17	ERROR	ERROR	ERROR	ERROR	ERROR
2025.06.29 10:18	ERROR	ERROR	ERROR	ERROR	ERROR
2025.06.29 10:19	ERROR	ERROR	ERROR	ERROR	ERROR
2025.06.29 10:20	ERROR	ERROR	ERROR	ERROR	ERROR
2025.06.29 10:21	ERROR	ERROR	ERROR	ERROR	ERROR
2025.06.29 10:22	ERROR	ERROR	ERROR	ERROR	ERROR
2025.06.29 10:23	ERROR	ERROR	ERROR	ERROR	ERROR
2025.06.29 10:24	ERROR	ERROR	ERROR	ERROR	ERROR
2025.06.29 10:25	ERROR	ERROR	ERROR	ERROR	ERROR
2025.06.29 10:26	ERROR	ERROR	ERROR	ERROR	ERROR
2025.06.29 10:27	ERROR	ERROR	ERROR	ERROR	ERROR
2025.06.29 10:28	ERROR	ERROR	ERROR	ERROR	ERROR
2025.06.29 10:29	ERROR	ERROR	ERROR	ERROR	ERROR
2025.06.29 10:30	ERROR	ERROR	ERROR	ERROR	ERROR
2025.06.29 10:31	ERROR	ERROR	ERROR	ERROR	ERROR
2025.06.29 10:32	ERROR	ERROR	ERROR	ERROR	ERROR
2025.06.29 10:33	ERROR	ERROR	ERROR	ERROR	ERROR
2025.06.29 10:34	ERROR	ERROR	ERROR	ERROR	ERROR
2025.06.29 10:35	ERROR	ERROR	ERROR	ERROR	ERROR
2025.06.29 10:36	ERROR	ERROR	ERROR	ERROR	ERROR
2025.06.29 10:37	ERROR	ERROR	ERROR	ERROR	ERROR
2025.06.29 10:38	ERROR	ERROR	ERROR	ERROR	ERROR
2025.06.29 10:39	ERROR	ERROR	ERROR	ERROR	ERROR
2025.06.29 10:40	ERROR	ERROR	ERROR	ERROR	ERROR
2025.06.29 10:41	ERROR	ERROR	ERROR	ERROR	ERROR
2025.06.29 10:42	ERROR	ERROR	ERROR	ERROR	ERROR
2025.06.29 10:43	ERROR	ERROR	ERROR	ERROR	ERROR
2025.06.29 10:44	ERROR	ERROR	ERROR	ERROR	ERROR
2025.06.29 10:45	ERROR	ERROR	ERROR	ERROR	ERROR
2025.06.29 10:46	ERROR	ERROR	ERROR	ERROR	ERROR
2025.06.29 10:47	ERROR	ERROR	ERROR	ERROR	ERROR
2025.06.29 10:48	ERROR	ERROR	ERROR	ERROR	ERROR
2025.06.29 10:49	ERROR	ERROR	ERROR	ERROR	ERROR
2025.06.29 10:50	ERROR	ERROR	ERROR	ERROR	ERROR
2025.06.29 10:51	ERROR	ERROR	ERROR	ERROR	ERROR
2025.06.29 10:52	ERROR	ERROR	ERROR	ERROR	ERROR
2025.06.29 10:53	ERROR	ERROR	ERROR	ERROR	ERROR
2025.06.29 10:54	ERROR	ERROR	ERROR	ERROR	ERROR
2025.06.29 10:55	ERROR	ERROR	ERROR	ERROR	ERROR
2025.06.29 10:56	ERROR	ERROR	ERROR	ERROR	ERROR
2025.06.29 10:57	ERROR	ERROR	ERROR	ERROR	ERROR
2025.06.29 10:58	ERROR	ERROR	ERROR	ERROR	ERROR
2025.06.29 10:59	ERROR	ERROR	ERROR	ERROR	ERROR
2025.06.29 11:00	ERROR	ERROR	ERROR	ERROR	ERROR
2025.06.29 11:01	ERROR	ERROR	ERROR	ERROR	ERROR
2025.06.29 11:02	ERROR	ERROR	ERROR	ERROR	ERROR
2025.06.29 11:03	ERROR	ERROR	ERROR	ERROR	ERROR
2025.06.29 11:04	ERROR	ERROR	ERROR	ERROR	ERROR
2025.06.29 11:05	ERROR	ERROR	ERROR	ERROR	ERROR
2025.06.29 11:06	ERROR	ERROR	ERROR	ERROR	ERROR
2025.06.29 11:07	ERROR	ERROR	ERROR	ERROR	ERROR
2025.06.29 11:08	ERROR	ERROR	ERROR	ERROR	ERROR
2025.06.29 11:09	ERROR	ERROR	ERROR	ERROR	ERROR
2025.06.29 11:10	ERROR	ERROR	ERROR	ERROR	ERROR
2025.06.29 11:11	ERROR	ERROR	ERROR	ERROR	ERROR
2025.06.29 11:12	ERROR	ERROR	ERROR	ERROR	ERROR
2025.06.29 11:13	ERROR	ERROR	ERROR	ERROR	ERROR
2025.06.29 11:14	ERROR	ERROR	ERROR	ERROR	ERROR
2025.06.29 11:15	ERROR	ERROR	ERROR	ERROR	ERROR
2025.06.29 11:16	ERROR	ERROR	ERROR	ERROR	ERROR
2025.06.29 11:17	ERROR	ERROR	ERROR	ERROR	ERROR
2025.06.29 11:18	ERROR	ERROR	ERROR	ERROR	ERROR
2025.06.29 11:19	ERROR	ERROR	ERROR	ERROR	ERROR
2025.06.29 11:20	ERROR	ERROR	ERROR	ERROR	ERROR
2025.06.29 11:21	ERROR	ERROR	ERROR	ERROR	ERROR
2025.06.29 11:22	ERROR	ERROR	ERROR	ERROR	ERROR
2025.06.29 11:23	ERROR	ERROR	ERROR	ERROR	ERROR
2025.06.29 11:24	ERROR	ERROR	ERROR	ERROR	ERROR
2025.06.29 11:25	ERROR	ERROR	ERROR	ERROR	ERROR
2025.06.29 11:26	ERROR	ERROR	ERROR	ERROR	ERROR
2025.06.29 11:27	ERROR	ERROR	ERROR	ERROR	ERROR
2025.06.29 11:28	ERROR	ERROR	ERROR	ERROR	ERROR
2025.06.29 11:29	ERROR	ERROR	ERROR	ERROR	ERROR
2025.06.29 11:30	ERROR	ERROR	ERROR	ERROR	ERROR
2025.06.29 11:31	ERROR	ERROR	ERROR	ERROR	ERROR
2025.06.29 11:32	ERROR	ERROR	ERROR	ERROR	ERROR
2025.06.29 11:33	ERROR	ERROR	ERROR	ERROR	ERROR
2025.06.29 11:34	ERROR	ERROR	ERROR	ERROR	ERROR
2025.06.29 11:35	ERROR	ERROR	ERROR	ERROR	ERROR
2025.06.29 11:36	ERROR	ERROR	ERROR	ERROR	ERROR
2025.06.29 11:37	ERROR	ERROR	ERROR	ERROR	ERROR
2025.06.29 11:38	ERROR	ERROR	ERROR	ERROR	ERROR
2025.06.29 11:39	ERROR	ERROR	ERROR	ERROR	ERROR
2025.06.29 11:40	ERROR	ERROR	ERROR	ERROR	ERROR
2025.06.29 11:41	ERROR	ERROR	ERROR	ERROR	ERROR
2025.06.29 11:42	ERROR	ERROR	ERROR	ERROR	ERROR
2025.06.29 11:43	ERROR	ERROR	ERROR	ERROR	ERROR
2025.06.29 11:44	ERROR	ERROR	ERROR	ERROR	ERROR
2025.06.29 11:45	ERROR	ERROR	ERROR	ERROR	ERROR
2025.06.29 11:46	ERROR	ERROR	ERROR	ERROR	ERROR
2025.06.29 11:47	ERROR	ERROR	ERROR	ERROR	ERROR
2025.06.29 11:48	ERROR	ERROR	ERROR	ERROR	ERROR
2025.06.29 11:49	ERROR	ERROR	ERROR	ERROR	ERROR
2025.06.29 11:50	ERROR	ERROR	ERROR	ERROR	ERROR
2025.06.29 11:51	ERROR	ERROR	ERROR	ERROR	ERROR
2025.06.29 11:52	ERROR	ERROR	ERROR	ERROR	ERROR
2025.06.29 11:53	ERROR	ERROR	ERROR	ERROR	ERROR
2025.06.29 11:54	ERROR	ERROR	ERROR	ERROR	ERROR
2025.06.29 11:55	ERROR	ERROR	ERROR	ERROR	ERROR
2025.06.29 11:56	ERROR	ERROR	ERROR	ERROR	ERROR
2025.06.29 11:57	ERROR	ERROR	ERROR	ERROR	ERROR
2025.06.29 11:58	ERROR	ERROR	ERROR	ERROR	ERROR
2025.06.29 11:59	ERROR	ERROR	ERROR	ERROR	ERROR
2025.06.29 12:00	ERROR	ERROR	ERROR	ERROR	ERROR
2025.06.29 12:01	ERROR	ERROR	ERROR	ERROR	ERROR
2025.06.29 12:02	ERROR	ERROR	ERROR	ERROR	ERROR
2025.06.29 12:03	ERROR	ERROR	ERROR	ERROR	ERROR
2025.06.29 12:04	ERROR	ERROR	ERROR	ERROR	ERROR
2025.06.29 12:05	ERROR	ERROR	ERROR	ERROR	ERROR
2025.06.29 12:06	ERROR	ERROR	ERROR	ERROR	ERROR
2025.06.29 12:07	ERROR	ERROR	ERROR	ERROR	ERROR
2025.06.29 12:08	ERROR	ERROR	ERROR	ERROR	ERROR
2025.06.29 12:09	ERROR	ERROR	ERROR	ERROR	ERROR
2025.06.29 12:10	ERROR	ERROR	ERROR	ERROR	ERROR
2025.06.29 12:11	ERROR	ERROR	ERROR	ERROR	ERROR
2025.06.29 12:12	ERROR	ERROR	ERROR	ERROR	ERROR
2025.06.29 12:13	ERROR	ERROR	ERROR	ERROR	ERROR
2025.06.29 12:14	ERROR	ERROR	ERROR	ERROR	ERROR
2025.06.29 12:15	ERROR	ERROR	ERROR	ERROR	ERROR
2025.06.29 12:16	ERROR	ERROR	ERROR	ERROR	ERROR
2025.06.29 12:17	ERROR	ERROR	ERROR	ERROR	ERROR
2025.06.29 12:18	ERROR	ERROR	ERROR	ERROR	ERROR
2025.06.29 12:19	ERROR	ERROR	ERROR	ERROR	ERROR
2025.06.29 12:20	ERROR	ERROR	ERROR	ERROR	ERROR
2025.06.29 12:21	ERROR	ERROR	ERROR	ERROR	ERROR
2025.06.29 12:22	ERROR	ERROR	ERROR	ERROR	ERROR
2025.06.29 12:23	ERROR	ERROR	ERROR	ERROR	ERROR
2025.06.29 12:24	ERROR	ERROR	ERROR	ERROR	ERROR
2025.06.29 12:25	ERROR	ERROR	ERROR	ERROR	ERROR
2025.06.29 12:26	ERROR	ERROR	ERROR	ERROR	ERROR
2025.06.29 12:27	ERROR	ERROR	ERROR	ERROR	ERROR
2025.06.29 12:28	ERROR	ERROR	ERROR	ERROR	ERROR
2025.06.29 12:29	ERROR	ERROR	ERROR	ERROR	ERROR
2025.06.29 12:30	ERROR	ERROR	ERROR	ERROR	ERROR
2025.06.29 12:31	ERROR	ERROR	ERROR	ERROR	ERROR
2025.06.29 12:32	ERROR	ERROR	ERROR	ERROR	ERROR
2025.06.29 12:33	ERROR	ERROR	ERROR	ERROR	ERROR
2025.06.29 12:34	ERROR	ERROR	ERROR	ERROR	ERROR
2025.06.29 12:35	ERROR	ERROR	ERROR	ERROR	ERROR
2025.06.29 12:36	ERROR	ERROR	ERROR	ERROR	ERROR
2025.06.29 12:37	ERROR	ERROR	ERROR	ERROR	ERROR
2025.06.29 12:38	ERROR	ERROR	ERROR	ERROR	ERROR
2025.06.29 12:39	ERROR	ERROR	ERROR	ERROR	ERROR
2025.06.29 12:40	ERROR	ERROR	ERROR	ERROR	ERROR
2025.06.29 12:41	ERROR	ERROR	ERROR	ERROR	ERROR
2025.06.29 12:42	ERROR	ERROR	ERROR	ERROR	ERROR
2025.06.29 12:43	ERROR	ERROR	ERROR	ERROR	ERROR
2025.06.29 12:44	ERROR	ERROR	ERROR	ERROR	ERROR
2025.06.29 12:45	ERROR	ERROR	ERROR	ERROR	ERROR
2025.06.29 12:46	ERROR	ERROR	ERROR	ERROR	ERROR
2025.06.29 12:47	ERROR	ERROR	ERROR	ERROR	ERROR
2025.06.29 12:48	ERROR	ERROR	ERROR	ERROR	ERROR
2025.06.29 12:49	ERROR	ERROR	ERROR	ERROR	ERROR
2025.06.29 12:50	ERROR	ERROR	ERROR	ERROR	ERROR
2025.06.29 12:51	ERROR	ERROR	ERROR	ERROR	ERROR
2025.06.29 12:52	ERROR	ERROR	ERROR	ERROR	ERROR
2025.06.29 12:53	ERROR	ERROR	ERROR	ERROR	ERROR
2025.06.29 12:54	ERROR	ERROR	ERROR	ERROR	ERROR
2025.06.29 12:55	ERROR	ERROR	ERROR	ERROR	ERROR
2025.06.29 12:56	ERROR	ERROR	ERROR	ERROR	ERROR
2025.06.29 12:57	ERROR	ERROR	ERROR	ERROR	ERROR
2025.06.29 12:58	ERROR	ERROR	ERROR	ERROR	ERROR
2025.06.29 12:59	ERROR	ERROR	ERROR	ERROR	ERROR
2025.06.29 13:00	ERROR	ERROR	ERROR	ERROR	ERROR
2025.06.29 13:01	ERROR	ERROR	ERROR	ERROR	ERROR
2025.06.29 13:02	ERROR	ERROR	ERROR	ERROR	ERROR
2025.06.29 13:03	ERROR	ERROR	ERROR	ERROR	ERROR
2025.06.29 13:04	ERROR	ERROR	ERROR	ERROR	ERROR
2025.06.29 13:05	ERROR	ERROR	ERROR	ERROR	ERROR
2025.06.29 13:06	ERROR	ERROR	ERROR	ERROR	ERROR
2025.06.29 13:07	ERROR	ERROR	ERROR	ERROR	ERROR
2025.06.29 13:08	ERROR	ERROR	ERROR	ERROR	ERROR
2025.06.29 13:09	ERROR	ERROR	ERROR	ERROR	ERROR
2025.06.29 13:10	ERROR	ERROR	ERROR	ERROR	ERROR
2025.06.29 13:11	ERROR	ERROR	ERROR	ERROR	ERROR
2025.06.29 13:12	ERROR	ERROR	ERROR	ERROR	ERROR
2025.06.29 13:13	ERROR	ERROR	ERROR	ERROR	ERROR
2025.06.29 13:14	ERROR	ERROR	ERROR	ERROR	ERROR
2025.06.29 13:15	ERROR	ERROR	ERROR	ERROR	ERROR
2025.06.29 13:16	ERROR	ERROR	ERROR	ERROR	ERROR
2025.06.29 13:17	ERROR	ERROR	ERROR	ERROR	ERROR
2025.06.29 13:18	ERROR	ERROR	ERROR	ERROR	ERROR
2025.06.29 13:19	ERROR	ERROR	ERROR	ERROR	ERROR
2025.06.29 13:20	ERROR	ERROR	ERROR	ERROR	ERROR
2025.06.29 13:21	ERROR	ERROR	ERROR	ERROR	ERROR
2025.06.29 13:22	ERROR	ERROR	ERROR	ERROR	ERROR
2025.06.29 13:23	ERROR	ERROR	ERROR	ERROR	ERROR
2025.06.29 13:24	ERROR	ERROR	ERROR	ERROR	ERROR
2025.06.29 13:25	ERROR	ERROR	ERROR	ERROR	ERROR
2025.06.29 13:26	ERROR	ERROR	ERROR	ERROR	ERROR
2025.06.29 13:27	ERROR	ERROR	ERROR	ERROR	ERROR
2025.06.29 13:28	ERROR	ERROR	ERROR	ERROR	ERROR
2025.06.29 13:29	ERROR	ERROR	ERROR	ERROR	ERROR
2025.06.29 13:30	ERROR	ERROR	ERROR	ERROR	ERROR
2025.06.29 13:31	ERROR	ERROR	ERROR	ERROR	ERROR
2025.06.29 13:32	ERROR	ERROR	ERROR	ERROR	ERROR
2025.06.29 13:33	ERROR	ERROR	ERROR	ERROR	ERROR
2025.06.29 13:34	ERROR	ERROR	ERROR	ERROR	ERROR
2025.06.29 13:35	ERROR	ERROR	ERROR	ERROR	ERROR
2025.06.29 13:36	ERROR	ERROR	ERROR	ERROR	ERROR
2025.06.29 13:37	ERROR	ERROR	ERROR	ERROR	ERROR
2025.06.29 13:38	ERROR	ERROR	ERROR	ERROR	ERROR
2025.06.29 13:39	ERROR	ERROR	ERROR	ERROR	ERROR
2025.06.29 13:40	ERROR	ERROR	ERROR	ERROR	ERROR
2025.06.29 13:41	ERROR	ERROR	ERROR	ERROR	ERROR
2025.06.29 13:42	ERROR	ERROR	ERROR	ERROR	ERROR
2025.06.29 13:43	ERROR	ERROR	ERROR	ERROR	ERROR
2025.06.29 13:44	ERROR	ERROR	ERROR	ERROR	ERROR
2025.06.29 13:45	ERROR	ERROR	ERROR	ERROR	ERROR
2025.06.29 13:46	ERROR	ERROR	ERROR	ERROR	ERROR
2025.06.29 13:47	ERROR	ERROR	ERROR	ERROR	ERROR
2025.06.29 13:48	ERROR	ERROR	ERROR	ERROR	ERROR
2025.06.29 13:49	ERROR	ERROR	ERROR	ERROR	ERROR
2025.06.29 13:50	ERROR	ERROR	ERROR	ERROR	ERROR
2025.06.29 13:51	ERROR	ERROR	ERROR	ERROR	ERROR
2025.06.29 13:52	ERROR	ERROR	ERROR	ERROR	ERROR
2025.06.29 13:53	ERROR	ERROR	ERROR	ERROR	ERROR
2025.06.29 13:54	ERROR	ERROR	ERROR	ERROR	ERROR
2025.06.29 13:55	ERROR	ERROR	ERROR	ERROR	ERROR
2025.06.29 13:56	ERROR	ERROR	ERROR	ERROR	ERROR
2025.06.29 13:57	ERROR	ERROR	ERROR	ERROR	ERROR
2025.06.29 13:58	ERROR	ERROR	ERROR	ERROR	ERROR
2025.06.29 13:59	ERROR	ERROR	ERROR	ERROR	ERROR
2025.06.29 14:00	ERROR	ERROR	ERROR	ERROR	ERROR
2025.06.29 14:01	ERROR	ERROR	ERROR	ERROR	ERROR
2025.06.29 14:02	ERROR	ERROR	ERROR	ERROR	ERROR
2025.06.29 14:03	ERROR	ERROR	ERROR	ERROR	ERROR
2025.06.29 14:04	ERROR	ERROR	ERROR	ERROR	ERROR
2025.06.29 14:05	ERROR	ERROR	ERROR	ERROR	ERROR
2025.06.29 14:06	ERROR	ERROR	ERROR	ERROR	ERROR
2025.06.29 14:07	ERROR	ERROR	ERROR	ERROR	ERROR
2025.06.29 14:08	ERROR	ERROR	ERROR	ERROR	ERROR
2025.06.29 14:09	ERROR	ERROR	ERROR	ERROR	ERROR
2025.06.29 14:10	ERROR	ERROR	ERROR	ERROR	ERROR
2025.06.29 14:11	ERROR	ERROR	ERROR	ERROR	ERROR
2025.06.29 14:12	ERROR	ERROR	ERROR	ERROR	ERROR
2025.06.29 14:13	ERROR	ERROR	ERROR	ERROR	ERROR
2025.06.29 14:14	ERROR	ERROR	ERROR	ERROR	ERROR
2025.06.29 14:15	ERROR	ERROR	ERROR	ERROR	ERROR
2025.06.29 14:16	ERROR	ERROR	ERROR	ERROR	ERROR
2025.06.29 14:17	ERROR	ERROR	ERROR	ERROR	ERROR
2025.06.29 14:18	ERROR	ERROR	ERROR	ERROR	ERROR
2025.06.29 14:19	ERROR	ERROR	ERROR	ERROR	ERROR
2025.06.29 14:20	ERROR	ERROR	ERROR	ERROR	ERROR
2025.06.29 14:21	ERROR	ERROR	ERROR	ERROR	ERROR
2025.06.29 14:22	ERROR	ERROR	ERROR	ERROR	ERROR
2025.06.29 14:23	ERROR	ERROR	ERROR	ERROR	ERROR
2025.06.29 14:24	ERROR	ERROR	ERROR	ERROR	ERROR
2025.06.29 14:25	ERROR	ERROR	ERROR	ERROR	ERROR
2025.06.29 14:26	ERROR	ERROR	ERROR	ERROR	ERROR
2025.06.29 14:27	ERROR	ERROR	ERROR	ERROR	ERROR
2025.06.29 14:28	ERROR	ERROR	ERROR	ERROR	ERROR
2025.06.29 14:29	ERROR	ERROR	ERROR	ERROR	ERROR
2025.06.29 14:30	ERROR	ERROR	ERROR	ERROR	ERROR
2025.06.29 14:31	ERROR	ERROR	ERROR	ERROR	ERROR
2025.06.29 14:32	ERROR	ERROR	ERROR	ERROR	ERROR
2025.06.29 14:33	ERROR	ERROR	ERROR	ERROR	ERROR
2025.06.29 14:34	ERROR	ERROR	ERROR	ERROR	ERROR
2025.06.29 14:35	ERROR	ERROR	ERROR	ERROR	ERROR
2025.06.29 14:36	ERROR	ERROR	ERROR	ERROR	ERROR
2025.06.29 14:37	ERROR	ERROR	ERROR	ERROR	ERROR
2025.06.29 14:38	ERROR	ERROR	ERROR	ERROR	ERROR
2025.06.29 14:39	ERROR	ERROR	ERROR	ERROR	ERROR
2025.06.29 14:40	ERROR	ERROR	ERROR	ERROR	ERROR
2025.06.29 14:41	ERROR	ERROR	ERROR	ERROR	ERROR
2025.06.29 14:42	ERROR	ERROR	ERROR	ERROR	ERROR
2025.06.29 14:43	ERROR	ERROR	ERROR	ERROR	ERROR
2025.06.29 14:44	ERROR	ERROR	ERROR	ERROR	ERROR
2025.06.29 14:45	ERROR	ERROR	ERROR	ERROR	ERROR
2025.06.29 14:46	ERROR	ERROR	ERROR	ERROR	ERROR
2025.06.29 14:47	ERROR	ERROR	ERROR	ERROR	ERROR
2025.06.29 14:48	ERROR	ERROR	ERROR	ERROR	ERROR
2025.06.29 14:49	ERROR	ERROR	ERROR	ERROR	ERROR
2025.06.29 14:50	ERROR	ERROR	ERROR	ERROR	ERROR
2025.06.29 14:51	ERROR	ERROR	ERROR	ERROR	ERROR
2025.06.29 14:52	ERROR	ERROR	ERROR	ERROR	ERROR
2025.06.29 14:53	ERROR	ERROR	ERROR	ERROR	ERROR
2025.06.29 14:54	ERROR	ERROR	ERROR	ERROR	ERROR
2025.06.29 14:55	ERROR	ERROR	ERROR	ERROR	ERROR
2025.06.29 14:56	ERROR	ERROR	ERROR	ERROR	ERROR
2025.06.29 14:57	ERROR	ERROR	ERROR	ERROR	ERROR
2025.06.29 14:58	ERROR	ERROR	ERROR	ERROR	ERROR
2025.06.29 14:59	ERROR	ERROR	ERROR	ERROR	ERROR
2025.06.29 15:00	ERROR	ERROR	ERROR	ERROR	ERROR
2025.06.29 15:01	ERROR	ERROR	ERROR	ERROR	ERROR
2025.06.29 15:02	ERROR	ERROR	ERROR	ERROR	ERROR
2025.06.29 15:03	ERROR	ERROR	ERROR	ERROR	ERROR
2025.06.29 15:04	ERROR	ERROR	ERROR	ERROR	ERROR
2025.06.29 15:05	ERROR	ERROR	ERROR	ERROR	ERROR
2025.06.29 15:06	ERROR	ERROR	ERROR	ERROR	ERROR
2025.06.29 15:07	ERROR	ERROR	ERROR	ERROR	ERROR
2025.06.29 15:08	ERROR	ERROR	ERROR	ERROR	ERROR
2025.06.29 15:09	ERROR	ERROR	ERROR	ERROR	ERROR
2025.06.29 15:10	ERROR	ERROR	ERROR	ERROR	ERROR
2025.06.29 15:11	ERROR	ERROR	ERROR	ERROR	ERROR
2025.06.29 15:12	ERROR	ERROR	ERROR	ERROR	ERROR
2025.06.29 15:13	ERROR	ERROR	ERROR	ERROR	ERROR
2025.06.29 15:14	ERROR	ERROR	ERROR	ERROR	ERROR
2025.06.29 15:15	ERROR	ERROR	ERROR	ERROR	ERROR
2025.06.29 15:16	ERROR	ERROR	ERROR	ERROR	ERROR
2025.06.29 15:17	ERROR	ERROR	ERROR	ERROR	ERROR
2025.06.29 15:18	ERROR	ERROR	ERROR	ERROR	ERROR
2025.06.29 15:19	ERROR	ERROR	ERROR	ERROR	ERROR
2025.06.29 15:20	ERROR	ERROR	ERROR	ERROR	ERROR
2025.06.29 15:21	ERROR	ERROR	ERROR	ERROR	ERROR
2025.06.29 15:22	ERROR	ERROR	ERROR	ERROR	ERROR
2025.06.29 15:23	ERROR	ERROR	ERROR	ERROR	ERROR
2025.06.29 15:24	ERROR	ERROR	ERROR	ERROR	ERROR
2025.06.29 15:25	ERROR	ERROR	ERROR	ERROR	ERROR
2025.06.29 15:26	ERROR	ERROR	ERROR	ERROR	ERROR
2025.06.29 15:27	ERROR	ERROR	ERROR	ERROR	ERROR
2025.06.29 15:28	ERROR	ERROR	ERROR	ERROR	ERROR
2025.06.29 15:29	ERROR	ERROR	ERROR	ERROR	ERROR
2025.06.29 15:30	ERROR	ERROR	ERROR	ERROR	ERROR
2025.06.29 15:31	ERROR	ERROR	ERROR	ERROR	ERROR
2025.06.29 15:32	ERROR	ERROR	ERROR	ERROR	ERROR
2025.06.29 15:33	ERROR	ERROR	ERROR	ERROR	ERROR
2025.06.29 15:34	ERROR	ERROR	ERROR	ERROR	ERROR
2025.06.29 15:35	ERROR	ERROR	ERROR	ERROR	ERROR
2025.06.29 15:36	ERROR	ERROR	ERROR	ERROR	ERROR
2025.06.29 15:37	ERROR	ERROR	ERROR	ERROR	ERROR
2025.06.29 15:38	ERROR	ERROR	ERROR	ERROR	ERROR
2025.06.29 15:39	ERROR	ERROR	ERROR	ERROR	ERROR
2025.06.29 15:40	ERROR	ERROR	ERROR	ERROR	ERROR
2025.06.29 15:41	ERROR	ERROR	ERROR	ERROR	ERROR
2025.06.29 15:42	ERROR	ERROR	ERROR	ERROR	ERROR
2025.06.29 15:43	ERROR	ERROR	ERROR	ERROR	ERROR
2025.06.29 15:44	ERROR	ERROR	ERROR	ERROR	ERROR
2025.06.29 15:45	ERROR	ERROR	ERROR	ERROR	ERROR
2025.06.29 15:46	ERROR	ERROR	ERROR	ERROR	ERROR
2025.06.29 15:47	ERROR	ERROR	ERROR	ERROR	ERROR
2025.06.29 15:48	ERROR	ERROR	ERROR	ERROR	ERROR
2025.06.29 15:49	ERROR	ERROR	ERROR	ERROR	ERROR
2025.06.29 15:50	ERROR	ERROR	ERROR	ERROR	ERROR
2025.06.29 15:51	ERROR	ERROR	ERROR	ERROR	ERROR
2025.06.29 15:52	ERROR	ERROR	ERROR	ERROR	ERROR
2025.06.29 15:53	ERROR	ERROR	ERROR	ERROR	ERROR
2025.06.29 15:54	ERROR	ERROR	ERROR	ERROR	ERROR
2025.06.29 15:55	ERROR	ERROR	ERROR	ERROR	ERROR
2025.06.29 15:56	ERROR	ERROR	ERROR	ERROR	ERROR
2025.06.29 15:57	ERROR	ERROR	ERROR	ERROR	ERROR
2025.06.29 15:58	ERROR	ERROR	ERROR	ERROR	ERROR
2025.06.29 15:59	ERROR	ERROR	ERROR	ERROR	ERROR
2025.06.29 16:00	ERROR	ERROR	ERROR	ERROR	ERROR
2025.06.29 16:01	ERROR	ERROR	ERROR	ERROR	ERROR
2025.06.29 16:02	ERROR	ERROR	ERROR	ERROR	ERROR
2025.06.29 16:03	ERROR	ERROR	ERROR	ERROR	ERROR
2025.06.29 16:04	ERROR	ERROR	ERROR	ERROR	ERROR
2025.06.29 16:05	ERROR	ERROR	ERROR	ERROR	ERROR
2025.06.29 16:06	ERROR	ERROR	ERROR	ERROR	ERROR
2025.06.29 16:07	ERROR	ERROR	ERROR	ERROR	ERROR
2025.06.29 16:08	ERROR	ERROR	ERROR	ERROR	ERROR
2025.06.29 16:09	ERROR	ERROR	ERROR	ERROR	ERROR
2025.06.29 16:10	ERROR	ERROR	ERROR	ERROR	ERROR
2025.06.29 16:11	ERROR	ERROR	ERROR	ERROR	ERROR
2025.06.29 16:12	ERROR	ERROR	ERROR	ERROR	ERROR
2025.06.29 16:13	ERROR	ERROR	ERROR	ERROR	ERROR
2025.06.29 16:14	ERROR	ERROR	ERROR	ERROR	ERROR
2025.06.29 16:15	ERROR	ERROR	ERROR	ERROR	ERROR
2025.06.29 16:16	ERROR	ERROR	ERROR	ERROR	ERROR
2025.06.29 16:17	ERROR	ERROR	ERROR	ERROR	ERROR
2025.06.29 16:18	ERROR	ERROR	ERROR	ERROR	ERROR
2025.06.29 16:19	ERROR	ERROR	ERROR	ERROR	ERROR
2025.06.29 16:20	ERROR	ERROR	ERROR	ERROR	ERROR
2025.06.29 16:21	ERROR	ERROR	ERROR	ERROR	ERROR
2025.06.29 16:22	ERROR	ERROR	ERROR	ERROR	ERROR
2025.06.29 16:23	ERROR	ERROR	ERROR	ERROR	ERROR
2025.06.29 16:24	ERROR	ERROR	ERROR	ERROR	ERROR
2025.06.29 16:25	ERROR	ERROR	ERROR	ERROR	ERROR
2025.06.29 16:26	ERROR	ERROR	ERROR	ERROR	ERROR
2025.06.29 16:27	ERROR	ERROR	ERROR	ERROR	ERROR
2025.06.29 16:28	ERROR	ERROR	ERROR	ERROR	ERROR
2025.06.29 16:29	ERROR	ERROR	ERROR	ERROR	ERROR
2025.06.29 16:30	ERROR	ERROR	ERROR	ERROR	ERROR
2025.06.29 16:31	ERROR	ERROR	ERROR	ERROR	ERROR
2025.06.29 16:32	ERROR	ERROR	ERROR	ERROR	ERROR
2025.06.29 16:33	ERROR	ERROR	ERROR	ERROR	ERROR
2025.06.29 16:34	ERROR	ERROR	ERROR	ERROR	ERROR
2025.06.29 16:35	ERROR	ERROR	ERROR	ERROR	ERROR
2025.06.29 16:36	ERROR	ERROR	ERROR	ERROR	ERROR
2025.06.29 16:37	ERROR	ERROR	ERROR	ERROR	ERROR
2025.06.29 16:38	ERROR	ERROR	ERROR	ERROR	ERROR
2025.06.29 16:39	ERROR	ERROR	ERROR	ERROR	ERROR
2025.06.29 16:40	ERROR	ERROR	ERROR	ERROR	ERROR
2025.06.29 16:41	ERROR	ERROR	ERROR	ERROR	ERROR
2025.06.29 16:42	ERROR	ERROR	ERROR	ERROR	ERROR
2025.06.29 16:43	ERROR	ERROR	ERROR	ERROR	ERROR
2025.06.29 16:44	ERROR	ERROR	ERROR	ERROR	ERROR
2025.06.29 16:45	ERROR	ERROR	ERROR	ERROR	ERROR
2025.06.29 16:46	ERROR	ERROR	ERROR	ERROR	ERROR
2025.06.29 16:47	ERROR	ERROR	ERROR	ERROR	ERROR
2025.06.29 16:48	ERROR	ERROR	ERROR	ERROR	ERROR
2025.06.29 16:49	ERROR	ERROR	ERROR	ERROR	ERROR
2025.06.29 16:50	ERROR	ERROR	ERROR	ERROR	ERROR
2025.06.29 16:51	ERROR	ERROR	ERROR	ERROR	ERROR
2025.06.29 16:52	ERROR	ERROR	ERROR	ERROR	ERROR
2025.06.29 16:53	ERROR	ERROR	ERROR	ERROR	ERROR
2025.06.29 16:54	ERROR	ERROR	ERROR	ERROR	ERROR
2025.06.29 16:55	ERROR	ERROR	ERROR	ERROR	ERROR
2025.06.29 16:56	ERROR	ERROR	ERROR	ERROR	ERROR
2025.06.29 16:57	ERROR	ERROR	ERROR	ERROR	ERROR
2025.06.29 16:58	ERROR	ERROR	ERROR	ERROR	ERROR
2025.06.29 16:59	ERROR	ERROR	ERROR	ERROR	ERROR
2025.06.29 17:00	ERROR	ERROR	ERROR	ERROR	ERROR
2025.06.29 17:01	ERROR	ERROR	ERROR	ERROR	ERROR
2025.06.29 17:02	ERROR	ERROR	ERROR	ERROR	ERROR
2025.06.29 17:03	ERROR	ERROR	ERROR	ERROR	ERROR
2025.06.29 17:04	ERROR	ERROR	ERROR	ERROR	ERROR
2025.06.29 17:05	ERROR	ERROR	ERROR	ERROR	ERROR
2025.06.29 17:06	ERROR	ERROR	ERROR	ERROR	ERROR
2025.06.29 17:07	ERROR	ERROR	ERROR	ERROR	ERROR
2025.06.29 17:08	ERROR	ERROR	ERROR	ERROR	ERROR
2025.06.29 17:09	ERROR	ERROR	ERROR	ERROR	ERROR
2025.06.29 17:10	ERROR	ERROR	ERROR	ERROR	ERROR
2025.06.29 17:11	ERROR	ERROR	ERROR	ERROR	ERROR
2025.06.29 17:12	ERROR	ERROR	ERROR	ERROR	ERROR
2025.06.29 17:13	ERROR	ERROR	ERROR	ERROR	ERROR
2025.06.29 17:14	ERROR	ERROR	ERROR	ERROR	ERROR
2025.06.29 17:15	ERROR	ERROR	ERROR	ERROR	ERROR
2025.06.29 17:16	ERROR	ERROR	ERROR	ERROR	ERROR
2025.06.29 17:17	ERROR	ERROR	ERROR	ERROR	ERROR
2025.06.29 17:18	ERROR	ERROR	ERROR	ERROR	ERROR
2025.06.29 17:19	ERROR	ERROR	ERROR	ERROR	ERROR
2025.06.29 17:20	ERROR	ERROR	ERROR	ERROR	ERROR
2025.06.29 17:21	ERROR	ERROR	ERROR	ERROR	ERROR
2025.06.29 17:22	ERROR	ERROR	ERROR	ERROR	ERROR
2025.06.29 17:23	ERROR	ERROR	ERROR	ERROR	ERROR
2025.06.29 17:24	ERROR	ERROR	ERROR	ERROR	ERROR
2025.06.29 17:25	ERROR	ERROR	ERROR	ERROR	ERROR
2025.06.29 17:26	ERROR	ERROR	ERROR	ERROR	ERROR
2025.06.29 17:27	ERROR	ERROR	ERROR	ERROR	ERROR
2025.06.29 17:28	ERROR	ERROR	ERROR	ERROR	ERROR
2025.06.29 17:29	ERROR	ERROR	ERROR	ERROR	ERROR
2025.06.29 17:30	ERROR	ERROR	ERROR	ERROR	ERROR
2025.06.29 17:31	ERROR	ERROR	ERROR	ERROR	ERROR
2025.06.29 17:32	ERROR	ERROR	ERROR	ERROR	ERROR
2025.06.29 17:33	ERROR	ERROR	ERROR	ERROR	ERROR
2025.06.29 17:34	ERROR	ERROR	ERROR	ERROR	ERROR
2025.06.29 17:35	ERROR	ERROR	ERROR	ERROR	ERROR
2025.06.29 17:36	ERROR	ERROR	ERROR	ERROR	ERROR
2025.06.29 17:37	ERROR	ERROR	ERROR	ERROR	ERROR
2025.06.29 17:38	ERROR	ERROR	ERROR	ERROR	ERROR
2025.06.29 17:39	ERROR	ERROR	ERROR	ERROR	ERROR
2025.06.29 17:40	ERROR	ERROR	ERROR	ERROR	ERROR
2025.06.29 17:41	ERROR	ERROR	ERROR	ERROR	ERROR
2025.06.29 17:42	ERROR	ERROR	ERROR	ERROR	ERROR
2025.06.29 17:43	ERROR	ERROR	ERROR	ERROR	ERROR
2025.06.29 17:44	ERROR	ERROR	ERROR	ERROR	ERROR
2025.06.29 17:45	ERROR	ERROR	ERROR	ERROR	ERROR
2025.06.29 17:46	ERROR	ERROR	ERROR	ERROR	ERROR
2025.06.29 17:47	ERROR	ERROR	ERROR	ERROR	ERROR
2025.06.29 17:48	ERROR	ERROR	ERROR	ERROR	ERROR
2025.06.29 17:49	ERROR	ERROR	ERROR	ERROR	ERROR
2025.06.29 17:50	ERROR	ERROR	ERROR	ERROR	ERROR
2025.06.29 17:51	ERROR	ERROR	ERROR	ERROR	ERROR
2025.06.29 17:52	ERROR	ERROR	ERROR	ERROR	ERROR
2025.06.29 17:53	ERROR	ERROR	ERROR	ERROR	ERROR
2025.06.29 17:54	ERROR	ERROR	ERROR	ERROR	ERROR
2025.06.29 17:55	ERROR	ERROR	ERROR	ERROR	ERROR
2025.06.29 17:56	ERROR	ERROR	ERROR	ERROR	ERROR
2025.06.29 17:57	ERROR	ERROR	ERROR	ERROR	ERROR
2025.06.29 17:58	ERROR	ERROR	ERROR	ERROR	ERROR
2025.06.29 17:59	ERROR	ERROR	ERROR	ERROR	ERROR
2025.06.29 18:00	ERROR	ERROR	ERROR	ERROR	ERROR
2025.06.29 18:01	ERROR	ERROR	ERROR	ERROR	ERROR
2025.06.29 18:02	ERROR	ERROR	ERROR	ERROR	ERROR
2025.06.29 18:03	ERROR	ERROR	ERROR	ERROR	ERROR
2025.06.29 18:04	ERROR	ERROR	ERROR	ERROR	ERROR
2025.06.29 18:05	ERROR	ERROR	ERROR	ERROR	ERROR
2025.06.29 18:06	ERROR	ERROR	ERROR	ERROR	ERROR
2025.06.29 18:07	ERROR	ERROR	ERROR	ERROR	ERROR
2025.06.29 18:08	ERROR	ERROR	ERROR	ERROR	ERROR
2025.06.29 18:09	ERROR	ERROR	ERROR	ERROR	ERROR
2025.06.29 18:10	ERROR	ERROR	ERROR	ERROR	ERROR
2025.06.29 18:11	ERROR	ERROR	ERROR	ERROR	ERROR
2025.06.29 18:12	ERROR	ERROR	ERROR	ERROR	ERROR
2025.06.29 18:13	ERROR	ERROR	ERROR	ERROR	ERROR
2025.06.29 18:14	ERROR	ERROR	ERROR	ERROR	ERROR
2025.06.29 18:15	ERROR	ERROR	ERROR	ERROR	ERROR
2025.06.29 18:16	ERROR	ERROR	ERROR	ERROR	ERROR
2025.06.29 18:17	ERROR	ERROR	ERROR	ERROR	ERROR
2025.06.29 18:18	ERROR	ERROR	ERROR	ERROR	ERROR
2025.06.29 18:19	ERROR	ERROR	ERROR	ERROR	ERROR
2025.06.29 18:20	ERROR	ERROR	ERROR	ERROR	ERROR
2025.06.29 18:21	ERROR	ERROR	ERROR	ERROR	ERROR
2025.06.29 18:22	ERROR	ERROR	ERROR	ERROR	ERROR
2025.06.29 18:23	ERROR	ERROR	ERROR	ERROR	ERROR
2025.06.29 18:24	ERROR	ERROR	ERROR	ERROR	ERROR
2025.06.29 18:25	ERROR	ERROR	ERROR	ERROR	ERROR
2025.06.29 18:26	ERROR	ERROR	ERROR	ERROR	ERROR
2025.06.29 18:27	ERROR	ERROR	ERROR	ERROR	ERROR
2025.06.29 18:28	ERROR	ERROR	ERROR	ERROR	ERROR
2025.06.29 18:29	ERROR	ERROR	ERROR	ERROR	ERROR
2025.06.29 18:30	ERROR	ERROR	ERROR	ERROR	ERROR
2025.06.29 18:31	ERROR	ERROR	ERROR	ERROR	ERROR
2025.06.29 18:32	ERROR	ERROR	ERROR	ERROR	ERROR
2025.06.29 18:33	ERROR	ERROR	ERROR	ERROR	ERROR
2025.06.29 18:34	ERROR	ERROR	ERROR	ERROR	ERROR
2025.06.29 18:35	ERROR	ERROR	ERROR	ERROR	ERROR
2025.06.29 18:36	ERROR	ERROR	ERROR	ERROR	ERROR
2025.06.29 18:37	ERROR	ERROR	ERROR	ERROR	ERROR
2025.06.29 18:38	ERROR	ERROR	ERROR	ERROR	ERROR
2025.06.29 18:39	ERROR	ERROR	ERROR	ERROR	ERROR
2025.06.29 18:40	ERROR	ERROR	ERROR	ERROR	ERROR
2025.06.29 18:41	ERROR	ERROR	ERROR	ERROR	ERROR
2025.06.29 18:42	ERROR	ERROR	ERROR	ERROR	ERROR
2025.06.29 18:43	ERROR	ERROR	ERROR	ERROR	ERROR
2025.06.29 18:44	ERROR	ERROR	ERROR	ERROR	ERROR
2025.06.29 18:45	ERROR	ERROR	ERROR	ERROR	ERROR
2025.06.29 18:46	ERROR	ERROR	ERROR	ERROR	ERROR
2025.06.29 18:47	ERROR	ERROR	ERROR	ERROR	ERROR
2025.06.29 18:48	ERROR	ERROR	ERROR	ERROR	ERROR
2025.06.29 18:49	ERROR	ERROR	ERROR	ERROR	ERROR
2025.06.29 18:50	ERROR	ERROR	ERROR	ERROR	ERROR
2025.06.29 18:51	ERROR	ERROR	ERROR	ERROR	ERROR
2025.06.29 18:52	ERROR	ERROR	ERROR	ERROR	ERROR
2025.06.29 18:53	ERROR	ERROR	ERROR	ERROR	ERROR
2025.06.29 18:54	ERROR	ERROR	ERROR	ERROR	ERROR
2025.06.29 18:55	ERROR	ERROR	ERROR	ERROR	ERROR
2025.06.29 18:56	ERROR	ERROR	ERROR	ERROR	ERROR
2025.06.29 18:57	ERROR	ERROR	ERROR	ERROR	ERROR
2025.06.29 18:58	ERROR	ERROR	ERROR	ERROR	ERROR
2025.06.29 18:59	ERROR	ERROR	ERROR	ERROR	ERROR
2025.06.29 19:00	ERROR	ERROR	ERROR	ERROR	ERROR
2025.06.29 19:01	ERROR	ERROR	ERROR	ERROR	ERROR
2025.06.29 19:02	ERROR	ERROR	ERROR	ERROR	ERROR
2025.06.29 19:03	ERROR	ERROR	ERROR	ERROR	ERROR
2025.06.29 19:04	ERROR	ERROR	ERROR	ERROR	ERROR
2025.06.29 19:05	ERROR	ERROR	ERROR	ERROR	ERROR
2025.06.29 19:06	ERROR	ERROR	ERROR	ERROR	ERROR
2025.06.29 19:07	ERROR	ERROR	ERROR	ERROR	ERROR
2025.06.29 19:08	ERROR	ERROR	ERROR	ERROR	ERROR
2025.06.29 19:09	ERROR	ERROR	ERROR	ERROR	ERROR
2025.06.29 19:10	ERROR	ERROR	ERROR	ERROR	ERROR
2025.06.29 19:11	ERROR	ERROR	ERROR	ERROR	ERROR
2025.06.29 19:12	ERROR	ERROR	ERROR	ERROR	ERROR
2025.06.29 19:13	ERROR	ERROR	ERROR	ERROR	ERROR
2025.06.29 19:14	ERROR	ERROR	ERROR	ERROR	ERROR
2025.06.29 19:15	ERROR	ERROR	ERROR	ERROR	ERROR
2025.06.29 19:16	ERROR	ERROR	ERROR	ERROR	ERROR
2025.06.29 19:17	ERROR	ERROR	ERROR	ERROR	ERROR
2025.06.29 19:18	ERROR	ERROR	ERROR	ERROR	ERROR
2025.06.29 19:19	ERROR	ERROR	ERROR	ERROR	ERROR
2025.06.29 19:20	ERROR	ERROR	ERROR	ERROR	ERROR
2025.06.29 19:21	ERROR	ERROR	ERROR	ERROR	ERROR
2025.06.29 19:22	ERROR	ERROR	ERROR	ERROR	ERROR
2025.06.29 19:23	ERROR	ERROR	ERROR	ERROR	ERROR
2025.06.29 19:24	ERROR	ERROR	ERROR	ERROR	ERROR
2025.06.29 19:25	ERROR	ERROR	ERROR	ERROR	ERROR
2025.06.29 19:26	ERROR	ERROR	ERROR	ERROR	ERROR
2025.06.29 19:27	ERROR	ERROR	ERROR	ERROR	ERROR
2025.06.29 19:28	ERROR	ERROR	ERROR	ERROR	ERROR
2025.06.29 19:29	ERROR	ERROR	ERROR	ERROR	ERROR
2025.06.29 19:30	ERROR	ERROR	ERROR	ERROR	ERROR
2025.06.29 19:31	ERROR	ERROR	ERROR	ERROR	ERROR
2025.06.29 19:32	ERROR	ERROR	ERROR	ERROR	ERROR
2025.06.29 19:33	ERROR	ERROR	ERROR	ERROR	ERROR
2025.06.29 19:34	ERROR	ERROR	ERROR	ERROR	ERROR
2025.06.29 19:35	ERROR	ERROR	ERROR	ERROR	ERROR
2025.06.29 19:36	ERROR	ERROR	ERROR	ERROR	ERROR
2025.06.29 19:37	ERROR	ERROR	ERROR	ERROR	ERROR
2025.06.29 19:38	ERROR	ERROR	ERROR	ERROR	ERROR
2025.06.29 19:39	ERROR	ERROR	ERROR	ERROR	ERROR
2025.06.29 19:40	ERROR	ERROR	ERROR	ERROR	ERROR
2025.06.29 19:41	ERROR	ERROR	ERROR	ERROR	ERROR
2025.06.29 19:42	ERROR	ERROR	ERROR	ERROR	ERROR
2025.06.29 19:43	ERROR	ERROR	ERROR	ERROR	ERROR
2025.06.29 19:44	ERROR	ERROR	ERROR	ERROR	ERROR
2025.06.29 19:45	ERROR	ERROR	ERROR	ERROR	ERROR
2025.06.29 19:46	ERROR	ERROR	ERROR	ERROR	ERROR
2025.06.29 19:47	ERROR	ERROR	ERROR	ERROR	ERROR
2025.06.29 19:48	ERROR	ERROR	ERROR	ERROR	ERROR
2025.06.29 19:49	ERROR	ERROR	ERROR	ERROR	ERROR
2025.06.29 19:50	ERROR	ERROR	ERROR	ERROR	ERROR
2025.06.29 19:51	ERROR	ERROR	ERROR	ERROR	ERROR
2025.06.29 19:52	ERROR	ERROR	ERROR	ERROR	ERROR
2025.06.29 19:53	ERROR	ERROR	ERROR	ERROR	ERROR
2025.06.29 19:54	ERROR	ERROR	ERROR	ERROR	ERROR
2025.06.29 19:55	ERROR	ERROR	ERROR	ERROR	ERROR
2025.06.29 19:56	ERROR	ERROR	ERROR	ERROR	ERROR
2025.06.29 19:57	ERROR	ERROR	ERROR	ERROR	ERROR
2025.06.29 19:58	ERROR	ERROR	ERROR	ERROR	ERROR
2025.06.29 19:59	ERROR	ERROR	ERROR	ERROR	ERROR
2025.06.29 20:00	ERROR	ERROR	ERROR	ERROR	ERROR
2025.06.29 20:01	ERROR	ERROR	ERROR	ERROR	ERROR
2025.06.29 20:02	ERROR	ERROR	ERROR	ERROR	ERROR
2025.06.29 20:03	ERROR	ERROR	ERROR	ERROR	ERROR
2025.06.29 20:04	ERROR	ERROR	ERROR	ERROR	ERROR
2025.06.29 20:05	ERROR	ERROR	ERROR	ERROR	ERROR
2025.06.29 20:06	ERROR	ERROR	ERROR	ERROR	ERROR
2025.06.29 20:07	ERROR	ERROR	ERROR	ERROR	ERROR
2025.06.29 20:08	ERROR	ERROR	ERROR	ERROR	ERROR
2025.06.29 20:09	ERROR	ERROR	ERROR	ERROR	ERROR
2025.06.29 20:10	ERROR	ERROR	ERROR	ERROR	ERROR
2025.06.29 20:11	ERROR	ERROR	ERROR	ERROR	ERROR
2025.06.29 20:12	ERROR	ERROR	ERROR	ERROR	ERROR
2025.06.29 20:13	ERROR	ERROR	ERROR	ERROR	ERROR
2025.06.29 20:14	ERROR	ERROR	ERROR	ERROR	ERROR
2025.06.29 20:15	ERROR	ERROR	ERROR	ERROR	ERROR
2025.06.29 20:16	ERROR	ERROR	ERROR	ERROR	ERROR
2025.06.29 20:17	ERROR	ERROR	ERROR	ERROR	ERROR
2025.06.29 20:18	ERROR	ERROR	ERROR	ERROR	ERROR
2025.06.29 20:19	ERROR	ERROR	ERROR	ERROR	ERROR
2025.06.29 20:20	ERROR	ERROR	ERROR	ERROR	ERROR
2025.06.29 20:21	ERROR	ERROR	ERROR	ERROR	ERROR
2025.06.29 20:22	ERROR	ERROR	ERROR	ERROR	ERROR
2025.06.29 20:23	ERROR	ERROR	ERROR	ERROR	ERROR
2025.06.29 20:24	ERROR	ERROR	ERROR	ERROR	ERROR
2025.06.29 20:25	ERROR	ERROR	ERROR	ERROR	ERROR
2025.06.29 20:26	ERROR	ERROR	ERROR	ERROR	ERROR
2025.06.29 20:27	ERROR	ERROR	ERROR	ERROR	ERROR
2025.06.29 20:28	ERROR	ERROR	ERROR	ERROR	ERROR
2025.06.29 20:29	ERROR	ERROR	ERROR	ERROR	ERROR
2025.06.29 20:30	ERROR	ERROR	ERROR	ERROR	ERROR
2025.06.29 20:31	ERROR	ERROR	ERROR	ERROR	ERROR
2025.06.29 20:32	ERROR	ERROR	ERROR	ERROR	ERROR
2025.06.29 20:33	ERROR	ERROR	ERROR	ERROR	ERROR
2025.06.29 20:34	ERROR	ERROR	ERROR	ERROR	ERROR
2025.06.29 20:35	ERROR	ERROR	ERROR	ERROR	ERROR
2025.06.29 20:36	ERROR	ERROR	ERROR	ERROR	ERROR
2025.06.29 20:37	ERROR	ERROR	ERROR	ERROR	ERROR
2025.06.29 20:38	ERROR	ERROR	ERROR	ERROR	ERROR
2025.06.29 20:39	ERROR	ERROR	ERROR	ERROR	ERROR
2025.06.29 20:40	ERROR	ERROR	ERROR	ERROR	ERROR
2025.06.29 20:41	ERROR	ERROR	ERROR	ERROR	ERROR
2025.06.29 20:42	ERROR	ERROR	ERROR	ERROR	ERROR
2025.06.29 20:43	ERROR	ERROR	ERROR	ERROR	ERROR
2025.06.29 20:44	ERROR	ERROR	ERROR	ERROR	ERROR
2025.06.29 20:45	ERROR	ERROR	ERROR	ERROR	ERROR
2025.06.29 20:46	ERROR	ERROR	ERROR	ERROR	ERROR
2025.06.29 20:47	ERROR	ERROR	ERROR	ERROR	ERROR
2025.06.29 20:48	ERROR	ERROR	ERROR	ERROR	ERROR
2025.06.29 20:49	ERROR	ERROR	ERROR	ERROR	ERROR
2025.06.29 20:50	ERROR	ERROR	ERROR	ERROR	ERROR
2025.06.29 20:51	ERROR	ERROR	ERROR	ERROR	ERROR
2025.06.29 20:52	ERROR	ERROR	ERROR	ERROR	ERROR
2025.06.29 20:53	ERROR	ERROR	ERROR	ERROR	ERROR
2025.06.29 20:54	ERROR	ERROR	ERROR	ERROR	ERROR
2025.06.29 20:55	ERROR	ERROR	ERROR	ERROR	ERROR
2025.06.29 20:56	ERROR	ERROR	ERROR	ERROR	ERROR
2025.06.29 20:57	ERROR	ERROR	ERROR	ERROR	ERROR
2025.06.29 20:58	ERROR	ERROR	ERROR	ERROR	ERROR
2025.06.29 20:59	ERROR	ERROR	ERROR	ERROR	ERROR
2025.06.29 21:00	ERROR	ERROR	ERROR	ERROR	ERROR
2025.06.29 21:01	ERROR	ERROR	ERROR	ERROR	ERROR
2025.06.29 21:02	ERROR	ERROR	ERROR	ERROR	ERROR
2025.06.29 21:03	ERROR	ERROR	ERROR	ERROR	ERROR
2025.06.29 21:04	ERROR	ERROR	ERROR	ERROR	ERROR
2025.06.29 21:05	ERROR	ERROR	ERROR	ERROR	ERROR
2025.06.29 21:06	ERROR	ERROR	ERROR	ERROR	ERROR
2025.06.29 21:07	ERROR	ERROR	ERROR	ERROR	ERROR
2025.06.29 21:08	ERROR	ERROR	ERROR	ERROR	ERROR
2025.06.29 21:09	ERROR	ERROR	ERROR	ERROR	ERROR
2025.06.29 21:10	ERROR	ERROR	ERROR	ERROR	ERROR
2025.06.29 21:11	ERROR	ERROR	ERROR	ERROR	ERROR
2025.06.29 21:12	ERROR	ERROR	ERROR	ERROR	ERROR
2025.06.29 21:13	ERROR	ERROR	ERROR	ERROR	ERROR
2025.06.29 21:14	ERROR	ERROR	ERROR	ERROR	ERROR
2025.06.29 21:15	ERROR	ERROR	ERROR	ERROR	ERROR
2025.06.29 21:16	ERROR	ERROR	ERROR	ERROR	ERROR
2025.06.29 21:17	ERROR	ERROR	ERROR	ERROR	ERROR
2025.06.29 21:18	ERROR	ERROR	ERROR	ERROR	ERROR
2025.06.29 21:19	ERROR	ERROR	ERROR	ERROR	ERROR
2025.06.29 21:20	ERROR	ERROR	ERROR	ERROR	ERROR
2025.06.29 21:21	ERROR	ERROR	ERROR	ERROR	ERROR
2025.06.29 21:22	ERROR	ERROR	ERROR	ERROR	ERROR
2025.06.29 21:23	ERROR	ERROR	ERROR	ERROR	ERROR
2025.06.29 21:24	ERROR	ERROR	ERROR	ERROR	ERROR
2025.06.29 21:25	ERROR	ERROR	ERROR	ERROR	ERROR
2025.06.29 21:26	ERROR	ERROR	ERROR	ERROR	ERROR
2025.06.29 21:27	ERROR	ERROR	ERROR	ERROR	ERROR
2025.06.29 21:28	ERROR	ERROR	ERROR	ERROR	ERROR
2025.06.29 21:29	ERROR	ERROR	ERROR	ERROR	ERROR
2025.06.29 21:30	ERROR	ERROR	ERROR	ERROR	ERROR
2025.06.29 21:31	ERROR	ERROR	ERROR	ERROR	ERROR
2025.06.29 21:32	ERROR	ERROR	ERROR	ERROR	ERROR
2025.06.29 21:33	ERROR	ERROR	ERROR	ERROR	ERROR
2025.06.29 21:34	ERROR	ERROR	ERROR	ERROR	ERROR
2025.06.29 21:35	ERROR	ERROR	ERROR	ERROR	ERROR
2025.06.29 21:36	ERROR	ERROR	ERROR	ERROR	ERROR
2025.06.29 21:37	ERROR	ERROR	ERROR	ERROR	ERROR
2025.06.29 21:38	ERROR	ERROR	ERROR	ERROR	ERROR
2025.06.29 21:39	ERROR	ERROR	ERROR	ERROR	ERROR
2025.06.29 21:40	ERROR	ERROR	ERROR	ERROR	ERROR
2025.06.29 21:41	ERROR	ERROR	ERROR	ERROR	ERROR
2025.06.29 21:42	ERROR	ERROR	ERROR	ERROR	ERROR
2025.06.29 21:43	ERROR	ERROR	ERROR	ERROR	ERROR
2025.06.29 21:44	ERROR	ERROR	ERROR	ERROR	ERROR
2025.06.29 21:45	ERROR	ERROR	ERROR	ERROR	ERROR
2025.06.29 21:46	ERROR	ERROR	ERROR	ERROR	ERROR
2025.06.29 21:47	ERROR	ERROR	ERROR	ERROR	ERROR
2025.06.29 21:48	ERROR	ERROR	ERROR	ERROR	ERROR
2025.06.29 21:49	ERROR	ERROR	ERROR	ERROR	ERROR
2025.06.29 21:50	ERROR	ERROR	ERROR	ERROR	ERROR
2025.06.29 21:51	ERROR	ERROR	ERROR	ERROR	ERROR
2025.06.29 21:52	ERROR	ERROR	ERROR	ERROR	ERROR
2025.06.29 21:53	ERROR	ERROR	ERROR	ERROR	ERROR
2025.06.29 21:54	ERROR	ERROR	ERROR	ERROR	ERROR
2025.06.29 21:55	ERROR	ERROR	ERROR	ERROR	ERROR
2025.06.29 21:56	ERROR	ERROR	ERROR	ERROR	ERROR
2025.06.29 21:57	ERROR	ERROR	ERROR	ERROR	ERROR
2025.06.29 21:58	ERROR	ERROR	ERROR	ERROR	ERROR
2025.06.29 21:59	ERROR	ERROR	ERROR	ERROR	ERROR
2025.06.29 22:00	ERROR	ERROR	ERROR	ERROR	ERROR
2025.06.29 22:01	ERROR	ERROR	ERROR	ERROR	ERROR
2025.06.29 22:02	ERROR	ERROR	ERROR	ERROR	ERROR
2025.06.29 22:03	ERROR	ERROR	ERROR	ERROR	ERROR
2025.06.29 22:04	ERROR	ERROR	ERROR	ERROR	ERROR
2025.06.29 22:05	ERROR	ERROR	ERROR	ERROR	ERROR
2025.06.29 22:06	ERROR	ERROR	ERROR	ERROR	ERROR
2025.06.29 22:07	ERROR	ERROR	ERROR	ERROR	ERROR
2025.06.29 22:08	ERROR	ERROR	ERROR	ERROR	ERROR
2025.06.29 22:09	ERROR	ERROR	ERROR	ERROR	ERROR
2025.06.29 22:10	ERROR	ERROR	ERROR	ERROR	ERROR
2025.06.29 22:11	ERROR	ERROR	ERROR	ERROR	ERROR
2025.06.29 22:12	ERROR	ERROR	ERROR	ERROR	ERROR
2025.06.29 22:13	ERROR	ERROR	ERROR	ERROR	ERROR
2025.06.29 22:14	ERROR	ERROR	ERROR	ERROR	ERROR
2025.06.29 22:15	ERROR	ERROR	ERROR	ERROR	ERROR
2025.06.29 22:16	ERROR	ERROR	ERROR	ERROR	ERROR
2025.06.29 22:17	ERROR	ERROR	ERROR	ERROR	ERROR
2025.06.29 22:18	ERROR	ERROR	ERROR	ERROR	ERROR
2025.06.29 22:19	ERROR	ERROR	ERROR	ERROR	ERROR
2025.06.29 22:20	ERROR	ERROR	ERROR	ERROR	ERROR
2025.06.29 22:21	ERROR	ERROR	ERROR	ERROR	ERROR
2025.06.29 22:22	ERROR	ERROR	ERROR	ERROR	ERROR
2025.06.29 22:23	ERROR	ERROR	ERROR	ERROR	ERROR
2025.06.29 22:24	ERROR	ERROR	ERROR	ERROR	ERROR
2025.06.29 22:25	ERROR	ERROR	ERROR	ERROR	ERROR
2025.06.29 22:26	ERROR	ERROR	ERROR	ERROR	ERROR
2025.06.29 22:27	ERROR	ERROR	ERROR	ERROR	ERROR
2025.06.29 22:28	ERROR	ERROR	ERROR	ERROR	ERROR
2025.06.29 22:29	ERROR	ERROR	ERROR	ERROR	ERROR
2025.06.29 22:30	ERROR	ERROR	ERROR	ERROR	ERROR
2025.06.29 22:31	ERROR	ERROR	ERROR	ERROR	ERROR
2025.06.29 22:32	ERROR	ERROR	ERROR	ERROR	ERROR
2025.06.29 22:33	ERROR	ERROR	ERROR	ERROR	ERROR
2025.06.29 22:34	ERROR	ERROR	ERROR	ERROR	ERROR
2025.06.29 22:35	ERROR	ERROR	ERROR	ERROR	ERROR
2025.06.29 22:36	ERROR	ERROR	ERROR	ERROR	ERROR
2025.06.29 22:37	ERROR	ERROR	ERROR	ERROR	ERROR
2025.06.29 22:38	ERROR	ERROR	ERROR	ERROR	ERROR
2025.06.29 22:39	ERROR	ERROR	ERROR	ERROR	ERROR
2025.06.29 22:40	ERROR	ERROR	ERROR	ERROR	ERROR
2025.06.29 22:41	ERROR	ERROR	ERROR	ERROR	ERROR
2025.06.29 22:42	ERROR	ERROR	ERROR	ERROR	ERROR
2025.06.29 22:43	ERROR	ERROR	ERROR	ERROR	ERROR
2025.06.29 22:44	ERROR	ERROR	ERROR	ERROR	ERROR
2025.06.29 22:45	ERROR	ERROR	ERROR	ERROR	ERROR
2025.06.29 22:46	ERROR	ERROR	ERROR	ERROR	ERROR
2025.06.29 22:47	ERROR	ERROR	ERROR	ERROR	ERROR
2025.06.29 22:48	ERROR	ERROR	ERROR	ERROR	ERROR
2025.06.29 22:49	ERROR	ERROR	ERROR	ERROR	ERROR
2025.06.29 22:50	ERROR	ERROR	ERROR	ERROR	ERROR
2025.06.29 22:51	ERROR	ERROR	ERROR	ERROR	ERROR
2025.06.29 22:52	ERROR	ERROR	ERROR	ERROR	ERROR
2025.06.29 22:53	ERROR	ERROR	ERROR	ERROR	ERROR
2025.06.29 22:54	ERROR	ERROR	ERROR	ERROR	ERROR
2025.06.29 22:55	ERROR	ERROR	ERROR	ERROR	ERROR
2025.06.29 22:56	ERROR	ERROR	ERROR	ERROR	ERROR
2025.06.29 22:57	ERROR	ERROR	ERROR	ERROR	ERROR
2025.06.29 22:58	ERROR	ERROR	ERROR	ERROR	ERROR
2025.06.29 22:59	ERROR	ERROR	ERROR	ERROR	ERROR
2025.06.29 23:00	ERROR	ERROR	ERROR	ERROR	ERROR
2025.06.29 23:01	ERROR	ERROR	ERROR	ERROR	ERROR
2025.06.29 23:02	ERROR	ERROR	ERROR	ERROR	ERROR
2025.06.29 23:03	ERROR	ERROR	ERROR	ERROR	ERROR
2025.06.29 23:04	ERROR	ERROR	ERROR	ERROR	ERROR
2025.06.29 23:05	ERROR	ERROR	ERROR	ERROR	ERROR
2025.06.29 23:06	ERROR	ERROR	ERROR	ERROR	ERROR
2025.06.29 23:07	ERROR	ERROR	ERROR	ERROR	ERROR
2025.06.29 23:08	ERROR	ERROR	ERROR	ERROR	ERROR
2025.06.29 23:09	ERROR	ERROR	ERROR	ERROR	ERROR
2025.06.29 23:10	ERROR	ERROR	ERROR	ERROR	ERROR
2025.06.29 23:11	ERROR	ERROR	ERROR	ERROR	ERROR
2025.06.29 23:12	ERROR	ERROR	ERROR	ERROR	ERROR
2025.06.29 23:13	ERROR	ERROR	ERROR	ERROR	ERROR
2025.06.29 23:14	ERROR	ERROR	ERROR	ERROR	ERROR
2025.06.29 23:15	ERROR	ERROR	ERROR	ERROR	ERROR
2025.06.29 23:16	ERROR	ERROR	ERROR	ERROR	ERROR
2025.06.29 23:17	ERROR	ERROR	ERROR	ERROR	ERROR
2025.06.29 23:18	ERROR	ERROR	ERROR	ERROR	ERROR
2025.06.29 23:19	ERROR	ERROR	ERROR	ERROR	ERROR
2025.06.29 23:20	ERROR	ERROR	ERROR	ERROR	ERROR
2025.06.29 23:21	ERROR	ERROR	ERROR	ERROR	ERROR
2025.06.29 23:22	ERROR	ERROR	ERROR	ERROR	ERROR
2025.06.29 23:23	ERROR	ERROR	ERROR	ERROR	ERROR
2025.06.29 23:24	ERROR	ERROR	ERROR	ERROR	ERROR
2025.06.29 23:25	ERROR	ERROR	ERROR	ERROR	ERROR
2025.06.29 23:26	ERROR	ERROR	ERROR	ERROR	ERROR
2025.06.29 23:27	ERROR	ERROR	ERROR	ERROR	ERROR
2025.06.29 23:28	ERROR	ERROR	ERROR	ERROR	ERROR
2025.06.29 23:29	ERROR	ERROR	ERROR	ERROR	ERROR
2025.06.29 23:30	ERROR	ERROR	ERROR	ERROR	ERROR
2025.06.29 23:31	ERROR	ERROR	ERROR	ERROR	ERROR
2025.06.29 23:32	ERROR	ERROR	ERROR	ERROR	ERROR
2025.06.29 23:33	ERROR	ERROR	ERROR	ERROR	ERROR
2025.06.29 23:34	ERROR	ERROR	ERROR	ERROR	ERROR
2025.06.29 23:35	ERROR	ERROR	ERROR	ERROR	ERROR
2025.06.29 23:36	ERROR	ERROR	ERROR	ERROR	ERROR
2025.06.29 23:37	ERROR	ERROR	ERROR	ERROR	ERROR
2025.06.29 23:38	ERROR	ERROR	ERROR	ERROR	ERROR
2025.06.29 23:39	ERROR	ERROR	ERROR	ERROR	ERROR
2025.06.29 23:40	ERROR	ERROR	ERROR	ERROR	ERROR
2025.06.29 23:41	ERROR	ERROR	ERROR	ERROR	ERROR
2025.06.29 23:42	ERROR	ERROR	ERROR	ERROR	ERROR
2025.06.29 23:43	ERROR	ERROR	ERROR	ERROR	ERROR
2025.06.29 23:44	ERROR	ERROR	ERROR	ERROR	ERROR
2025.06.29 23:45	ERROR	ERROR	ERROR	ERROR	ERROR
2025.06.29 23:46	ERROR	ERROR	ERROR	ERROR	ERROR
2025.06.29 23:47	ERROR	ERROR	ERROR	ERROR	ERROR
2025.06.29 23:48	ERROR	ERROR	ERROR	ERROR	ERROR
2025.06.29 23:49	ERROR	ERROR	ERROR	ERROR	ERROR
2025.06.29 23:50	ERROR	ERROR	ERROR	ERROR	ERROR
2025.06.29 23:51	ERROR	ERROR	ERROR	ERROR	ERROR
2025.06.29 23:52	ERROR	ERROR	ERROR	ERROR	ERROR
2025.06.29 23:53	ERROR	ERROR	ERROR	ERROR	ERROR
2025.06.29 23:54	ERROR	ERROR	ERROR	ERROR	ERROR
2025.06.29 23:55	ERROR	ERROR	ERROR	ERROR	ERROR
2025.06.29 23:56	ERROR	ERROR	ERROR	ERROR	ERROR
2025.06.29 23:57	ERROR	ERROR	ERROR	ERROR	ERROR
2025.06.29 23:58	ERROR	ERROR	ERROR	ERROR	ERROR
2025.06.29 23:59	ERROR	ERROR	ERROR	ERROR	ERROR
