Time	Open	High	Low	Close	Volume
2025.09.11 00:00	1.3529900000000001	1.3529900000000001	1.3529900000000001	1.3529900000000001	1
2025.09.11 00:01	1.3526500000000001	1.35294	1.3526500000000001	1.35294	4
2025.09.11 00:02	1.3529499999999999	1.35298	1.3529499999999999	1.35298	4
2025.09.11 00:03	1.35298	1.35298	1.35285	1.35285	2
2025.09.11 00:04	1.3529499999999999	1.3529499999999999	1.35285	1.35288	3
2025.09.11 00:05	1.35302	1.3531	1.35294	1.3529900000000001	11
2025.09.11 00:06	1.35309	1.35311	1.35309	1.35311	2
2025.09.11 00:07	1.35311	1.35311	1.35308	1.35308	3
2025.09.11 00:08	1.35308	1.35308	1.35293	1.35293	3
2025.09.11 00:09	1.3529200000000001	1.35293	1.3529	1.3529	3
2025.09.11 00:10	1.3529	1.35291	1.35289	1.35289	4
2025.09.11 00:11	1.35289	1.3529	1.35289	1.3529	2
2025.09.11 00:12	1.3529	1.3529	1.3521	1.35257	8
2025.09.11 00:13	1.35257	1.35284	1.35257	1.35284	4
2025.09.11 00:14	1.35284	1.35285	1.35228	1.35228	12
2025.09.11 00:15	1.35251	1.35269	1.35245	1.3526799999999999	24
2025.09.11 00:16	1.35264	1.35264	1.35244	1.3526	21
2025.09.11 00:17	1.35242	1.3526	1.35216	1.35257	6
2025.09.11 00:18	1.3526	1.3526	1.35245	1.35247	16
2025.09.11 00:19	1.35247	1.35259	1.35242	1.35252	13
2025.09.11 00:20	1.35253	1.35253	1.35252	1.35253	5
2025.09.11 00:21	1.35253	1.35253	1.35252	1.35252	2
2025.09.11 00:22	1.35228	1.35251	1.35216	1.35247	6
2025.09.11 00:23	1.35252	1.35255	1.35215	1.35254	7
2025.09.11 00:24	1.3526099999999999	1.35262	1.35215	1.35215	9
2025.09.11 00:25	1.35235	1.35264	1.35235	1.3525800000000001	17
2025.09.11 00:26	1.35257	1.3525800000000001	1.35256	1.35257	7
2025.09.11 00:27	1.35256	1.3526500000000001	1.35243	1.3526500000000001	17
2025.09.11 00:28	1.35264	1.35266	1.3526099999999999	1.35264	8
2025.09.11 00:29	1.35264	1.35266	1.3526099999999999	1.35262	31
2025.09.11 00:30	1.3526099999999999	1.35267	1.3526	1.35263	15
2025.09.11 00:31	1.35262	1.35278	1.35262	1.35277	7
2025.09.11 00:32	1.35276	1.35277	1.35269	1.35269	8
2025.09.11 00:33	1.35269	1.35269	1.3523399999999999	1.35257	23
2025.09.11 00:34	1.35264	1.35304	1.35263	1.35281	36
2025.09.11 00:35	1.35281	1.35285	1.35239	1.35285	49
2025.09.11 00:36	1.35285	1.35288	1.35283	1.35285	10
2025.09.11 00:37	1.35287	1.35287	1.35283	1.35284	4
2025.09.11 00:38	1.35284	1.35298	1.35284	1.3529499999999999	31
2025.09.11 00:39	1.35293	1.35307	1.3528	1.3529200000000001	63
2025.09.11 00:40	1.35303	1.3532899999999999	1.3528	1.35318	58
2025.09.11 00:41	1.35318	1.35323	1.3523399999999999	1.3524	48
2025.09.11 00:42	1.3524	1.35242	1.35233	1.35241	34
2025.09.11 00:43	1.35241	1.35241	1.35236	1.35237	24
2025.09.11 00:44	1.3523800000000001	1.35256	1.3523100000000001	1.35236	33
2025.09.11 00:45	1.35236	1.35243	1.35225	1.3523399999999999	21
2025.09.11 00:46	1.35233	1.3523399999999999	1.35232	1.35232	4
2025.09.11 00:47	1.3523399999999999	1.35237	1.35224	1.35236	10
2025.09.11 00:48	1.3522	1.35235	1.3522	1.35235	11
2025.09.11 00:49	1.3523399999999999	1.35235	1.35227	1.35227	6
2025.09.11 00:50	1.3522	1.35228	1.3522	1.35228	8
2025.09.11 00:51	1.35229	1.35271	1.35228	1.35271	34
2025.09.11 00:52	1.35272	1.35286	1.3526099999999999	1.35271	8
2025.09.11 00:53	1.35269	1.35269	1.3525	1.3526799999999999	7
2025.09.11 00:54	1.35269	1.35269	1.3526	1.3526799999999999	21
2025.09.11 00:55	1.35271	1.35273	1.3526	1.35262	20
2025.09.11 00:56	1.35263	1.35273	1.35256	1.35273	32
2025.09.11 00:57	1.35275	1.35278	1.35262	1.35267	19
2025.09.11 00:58	1.35269	1.35275	1.3526099999999999	1.35273	20
2025.09.11 00:59	1.35275	1.35275	1.35214	1.3523399999999999	28
2025.09.11 01:00	1.35233	1.3531	1.35233	1.35306	82
2025.09.11 01:01	1.35312	1.35321	1.35312	1.3532	12
2025.09.11 01:02	1.35317	1.35318	1.35316	1.35317	5
2025.09.11 01:03	1.35321	1.35328	1.35317	1.35321	6
2025.09.11 01:04	1.3532	1.35327	1.3531900000000001	1.3531900000000001	3
2025.09.11 01:05	1.3531900000000001	1.3532600000000001	1.3531900000000001	1.3532600000000001	8
2025.09.11 01:06	1.35335	1.35335	1.35317	1.35324	9
2025.09.11 01:07	1.35323	1.35328	1.35323	1.35324	6
2025.09.11 01:08	1.35323	1.35323	1.35323	1.35323	1
2025.09.11 01:09	1.35324	1.35327	1.35321	1.35327	6
2025.09.11 01:10	1.3532899999999999	1.35337	1.35327	1.35327	4
2025.09.11 01:11	1.35328	1.35338	1.35328	1.35328	4
2025.09.11 01:12	1.3531900000000001	1.35331	1.3531900000000001	1.35323	3
2025.09.11 01:13	1.3531900000000001	1.3533	1.35317	1.35323	6
2025.09.11 01:14	1.35323	1.35328	1.35317	1.35328	6
2025.09.11 01:15	1.3531900000000001	1.35327	1.3531900000000001	1.35324	6
2025.09.11 01:16	1.35323	1.35324	1.3532199999999999	1.3532199999999999	8
2025.09.11 01:17	1.3532199999999999	1.35323	1.3532199999999999	1.3532199999999999	3
2025.09.11 01:18	1.35323	1.3532899999999999	1.35321	1.3532199999999999	7
2025.09.11 01:19	1.35321	1.35323	1.35321	1.35323	5
2025.09.11 01:20	1.3532199999999999	1.3533	1.3532199999999999	1.35324	18
2025.09.11 01:21	1.35325	1.35325	1.35323	1.35323	19
2025.09.11 01:22	1.35324	1.35334	1.3532199999999999	1.35333	13
2025.09.11 01:23	1.35334	1.35335	1.35333	1.35334	15
2025.09.11 01:24	1.35336	1.35336	1.3533	1.3533	8
2025.09.11 01:25	1.35339	1.35339	1.3533	1.35331	9
2025.09.11 01:26	1.3533	1.35331	1.3533	1.35331	2
2025.09.11 01:27	1.35328	1.35339	1.35328	1.35339	5
2025.09.11 01:28	1.35339	1.35339	1.35328	1.35333	6
2025.09.11 01:29	1.35334	1.35342	1.35333	1.35339	16
2025.09.11 01:30	1.35338	1.35341	1.35338	1.35341	2
2025.09.11 01:31	1.35341	1.35348	1.35337	1.3534	4
2025.09.11 01:32	1.35336	1.35342	1.35336	1.35341	11
2025.09.11 01:33	1.3535	1.3535	1.3535	1.3535	1
2025.09.11 01:34	1.3535	1.3535	1.35337	1.35345	15
2025.09.11 01:35	1.35342	1.35342	1.35341	1.35341	4
2025.09.11 01:36	1.3535	1.3535	1.35341	1.35341	3
2025.09.11 01:37	1.3535	1.3535	1.3535	1.3535	1
2025.09.11 01:38	1.3535	1.3535	1.3535	1.3535	1
2025.09.11 01:39	1.35342	1.3535	1.35341	1.3535	3
2025.09.11 01:40	1.3535	1.3535	1.3535	1.3535	1
2025.09.11 01:41	1.35338	1.3535	1.35338	1.35342	6
2025.09.11 01:42	1.35341	1.35342	1.35341	1.35341	9
2025.09.11 01:43	1.3535	1.3535	1.35341	1.35344	3
2025.09.11 01:44	1.3535	1.35351	1.35342	1.35342	4
2025.09.11 01:45	1.35343	1.35354	1.35343	1.35344	9
2025.09.11 01:46	1.35344	1.35346	1.35338	1.35346	7
2025.09.11 01:47	1.35343	1.35343	1.35343	1.35343	1
2025.09.11 01:48	1.35341	1.3535	1.3534	1.35341	7
2025.09.11 01:49	1.3535	1.35351	1.35338	1.35343	5
2025.09.11 01:50	1.35345	1.3535300000000001	1.3534	1.3534	8
2025.09.11 01:51	1.35341	1.35349	1.3534	1.3534	5
2025.09.11 01:52	1.35348	1.35348	1.35339	1.35339	4
2025.09.11 01:53	1.3534	1.35341	1.35339	1.3534	29
2025.09.11 01:54	1.3534	1.3535	1.35335	1.3535	4
2025.09.11 01:55	1.35351	1.35362	1.35351	1.35362	7
2025.09.11 01:56	1.3536299999999999	1.35375	1.35362	1.35375	7
2025.09.11 01:57	1.35372	1.3538000000000001	1.35369	1.35372	7
2025.09.11 01:58	1.35371	1.35372	1.3537	1.35371	14
2025.09.11 01:59	1.35379	1.35379	1.35368	1.35372	21
2025.09.11 02:00	1.3538000000000001	1.35382	1.35341	1.35341	26
2025.09.11 02:01	1.35341	1.35343	1.35337	1.35342	13
2025.09.11 02:02	1.35342	1.35349	1.35342	1.35347	8
2025.09.11 02:03	1.35347	1.3536000000000001	1.35347	1.35358	9
2025.09.11 02:04	1.35358	1.35358	1.35355	1.35357	5
2025.09.11 02:05	1.35357	1.35361	1.35355	1.35355	19
2025.09.11 02:06	1.35355	1.3535599999999999	1.35349	1.3535	5
2025.09.11 02:07	1.3535	1.35365	1.3535	1.3536299999999999	7
2025.09.11 02:08	1.35366	1.35366	1.35359	1.35359	16
2025.09.11 02:09	1.35359	1.35366	1.35359	1.35365	12
2025.09.11 02:10	1.35366	1.35366	1.35366	1.35366	1
2025.09.11 02:11	1.35357	1.35369	1.35357	1.35369	6
2025.09.11 02:12	1.35369	1.35369	1.35367	1.35368	3
2025.09.11 02:13	1.35367	1.35371	1.35366	1.35366	6
2025.09.11 02:14	1.35366	1.35369	1.3536000000000001	1.35369	14
2025.09.11 02:15	1.35369	1.3537	1.35369	1.3537	2
2025.09.11 02:16	1.35369	1.35379	1.35369	1.35379	10
2025.09.11 02:17	1.35379	1.3538299999999999	1.35379	1.3538000000000001	13
2025.09.11 02:18	1.35381	1.35382	1.35378	1.35382	9
2025.09.11 02:19	1.35381	1.3538299999999999	1.3538000000000001	1.35381	21
2025.09.11 02:20	1.35381	1.3538299999999999	1.3538000000000001	1.35381	14
2025.09.11 02:21	1.35381	1.3538999999999999	1.3538000000000001	1.3538700000000001	14
2025.09.11 02:22	1.3538700000000001	1.35396	1.3538700000000001	1.35388	17
2025.09.11 02:23	1.35388	1.35388	1.35386	1.3538700000000001	3
2025.09.11 02:24	1.35388	1.35388	1.35386	1.35388	11
2025.09.11 02:25	1.3538700000000001	1.3538700000000001	1.3538000000000001	1.3538000000000001	10
2025.09.11 02:26	1.3538000000000001	1.3538000000000001	1.35377	1.35377	10
2025.09.11 02:27	1.35378	1.35378	1.35376	1.35378	3
2025.09.11 02:28	1.35378	1.35378	1.35374	1.35374	3
2025.09.11 02:29	1.35374	1.35377	1.35369	1.35375	10
2025.09.11 02:30	1.35376	1.3538299999999999	1.35376	1.35378	10
2025.09.11 02:31	1.35375	1.35375	1.35369	1.3537	7
2025.09.11 02:32	1.3537	1.35371	1.35369	1.35369	16
2025.09.11 02:33	1.35369	1.35371	1.35369	1.35369	4
2025.09.11 02:34	1.35369	1.35371	1.35369	1.35371	8
2025.09.11 02:35	1.35371	1.35371	1.35369	1.35369	2
2025.09.11 02:36	1.35369	1.35369	1.35369	1.35369	1
2025.09.11 02:37	1.35369	1.35369	1.35369	1.35369	1
2025.09.11 02:38	1.35369	1.35369	1.35369	1.35369	1
2025.09.11 02:39	1.35369	1.35371	1.35369	1.35369	5
2025.09.11 02:40	1.3537	1.35371	1.35369	1.35369	10
2025.09.11 02:41	1.35369	1.35369	1.35365	1.35365	3
2025.09.11 02:42	1.35366	1.35369	1.3536000000000001	1.3536000000000001	10
2025.09.11 02:43	1.3536000000000001	1.35362	1.3536000000000001	1.35361	4
2025.09.11 02:44	1.35361	1.35361	1.35354	1.35357	5
2025.09.11 02:45	1.35358	1.35361	1.35357	1.35359	7
2025.09.11 02:46	1.35359	1.35362	1.35359	1.35362	3
2025.09.11 02:47	1.35362	1.35366	1.35358	1.35359	8
2025.09.11 02:48	1.35359	1.35372	1.35359	1.35372	20
2025.09.11 02:49	1.35371	1.35375	1.35369	1.35369	49
2025.09.11 02:50	1.35369	1.35369	1.35358	1.35359	24
2025.09.11 02:51	1.35359	1.35362	1.3535599999999999	1.35361	19
2025.09.11 02:52	1.3536000000000001	1.35361	1.35358	1.35359	8
2025.09.11 02:53	1.35359	1.35359	1.35358	1.35359	3
2025.09.11 02:54	1.35358	1.35359	1.3535599999999999	1.35358	11
2025.09.11 02:55	1.3535599999999999	1.3535599999999999	1.35339	1.35349	31
2025.09.11 02:56	1.35348	1.35352	1.35348	1.35348	21
2025.09.11 02:57	1.35348	1.35349	1.35338	1.35339	30
2025.09.11 02:58	1.35338	1.35345	1.35338	1.35339	15
2025.09.11 02:59	1.35339	1.3534	1.3533	1.3533	22
2025.09.11 03:00	1.3532899999999999	1.3532899999999999	1.35308	1.35308	39
2025.09.11 03:01	1.35309	1.3531900000000001	1.35308	1.35313	21
2025.09.11 03:02	1.35311	1.35316	1.35309	1.35309	14
2025.09.11 03:03	1.35308	1.35316	1.35308	1.35311	13
2025.09.11 03:04	1.35312	1.3532199999999999	1.35306	1.35316	28
2025.09.11 03:05	1.35316	1.35317	1.35308	1.35308	17
2025.09.11 03:06	1.35309	1.35318	1.35309	1.35315	25
2025.09.11 03:07	1.35317	1.35318	1.3531	1.35313	22
2025.09.11 03:08	1.35312	1.35315	1.35309	1.35312	36
2025.09.11 03:09	1.35311	1.35312	1.35306	1.35308	16
2025.09.11 03:10	1.35313	1.3531900000000001	1.35308	1.35311	23
2025.09.11 03:11	1.35311	1.35311	1.35305	1.35307	17
2025.09.11 03:12	1.35307	1.35307	1.353	1.35305	38
2025.09.11 03:13	1.35306	1.35312	1.35303	1.35306	32
2025.09.11 03:14	1.35306	1.3531	1.35305	1.35309	24
2025.09.11 03:15	1.3531	1.35315	1.35302	1.35302	29
2025.09.11 03:16	1.3529900000000001	1.3529900000000001	1.35286	1.35289	15
2025.09.11 03:17	1.3529	1.3529	1.35287	1.35288	9
2025.09.11 03:18	1.35288	1.35291	1.35277	1.35279	21
2025.09.11 03:19	1.3528	1.35283	1.35274	1.35283	54
2025.09.11 03:20	1.35282	1.3529200000000001	1.35277	1.35291	21
2025.09.11 03:21	1.35291	1.35293	1.3527	1.35276	39
2025.09.11 03:22	1.35277	1.35279	1.3526799999999999	1.35278	29
2025.09.11 03:23	1.35278	1.35278	1.35273	1.35276	28
2025.09.11 03:24	1.35276	1.35278	1.3527	1.35272	31
2025.09.11 03:25	1.35269	1.35281	1.35269	1.35279	17
2025.09.11 03:26	1.3528	1.35287	1.35279	1.35283	25
2025.09.11 03:27	1.35282	1.35282	1.35272	1.35279	25
2025.09.11 03:28	1.3528	1.35286	1.35278	1.3528	21
2025.09.11 03:29	1.35281	1.35281	1.35276	1.35277	19
2025.09.11 03:30	1.35277	1.35284	1.35276	1.35283	25
2025.09.11 03:31	1.35282	1.35294	1.3528	1.35293	21
2025.09.11 03:32	1.35293	1.35297	1.35288	1.35294	19
2025.09.11 03:33	1.3529499999999999	1.35298	1.35286	1.35286	26
2025.09.11 03:34	1.35285	1.35289	1.35277	1.35278	15
2025.09.11 03:35	1.35277	1.35281	1.35275	1.35281	11
2025.09.11 03:36	1.3528	1.35297	1.3528	1.3529200000000001	17
2025.09.11 03:37	1.3529200000000001	1.35293	1.35287	1.35293	17
2025.09.11 03:38	1.35293	1.35297	1.3529	1.35296	22
2025.09.11 03:39	1.35296	1.35297	1.35288	1.35293	25
2025.09.11 03:40	1.35293	1.35297	1.35289	1.35293	22
2025.09.11 03:41	1.3529200000000001	1.35293	1.35285	1.35285	20
2025.09.11 03:42	1.35287	1.35298	1.35287	1.35296	28
2025.09.11 03:43	1.35297	1.35298	1.35296	1.35296	10
2025.09.11 03:44	1.35288	1.35296	1.35287	1.35296	24
2025.09.11 03:45	1.3529499999999999	1.35297	1.35291	1.35297	19
2025.09.11 03:46	1.35297	1.35304	1.35297	1.35302	21
2025.09.11 03:47	1.35303	1.35303	1.35289	1.35296	23
2025.09.11 03:48	1.35297	1.35311	1.35297	1.35309	17
2025.09.11 03:49	1.35317	1.35317	1.35304	1.35311	23
2025.09.11 03:50	1.35311	1.35313	1.35307	1.3531	13
2025.09.11 03:51	1.35309	1.35317	1.35307	1.35316	12
2025.09.11 03:52	1.35315	1.35316	1.35304	1.35306	31
2025.09.11 03:53	1.35306	1.35306	1.35296	1.3529900000000001	27
2025.09.11 03:54	1.353	1.35306	1.35286	1.35293	59
2025.09.11 03:55	1.35291	1.35293	1.3528	1.35286	43
2025.09.11 03:56	1.35286	1.35287	1.35277	1.35277	20
2025.09.11 03:57	1.35276	1.35285	1.3527	1.35282	21
2025.09.11 03:58	1.35282	1.35288	1.35276	1.35284	20
2025.09.11 03:59	1.35284	1.35288	1.35274	1.35274	31
2025.09.11 04:00	1.35273	1.35279	1.3526799999999999	1.35277	43
2025.09.11 04:01	1.35277	1.35288	1.3526799999999999	1.35288	31
2025.09.11 04:02	1.35291	1.35296	1.35279	1.35294	24
2025.09.11 04:03	1.3529499999999999	1.35297	1.35288	1.3529499999999999	24
2025.09.11 04:04	1.35293	1.35296	1.3529	1.35291	18
2025.09.11 04:05	1.3529	1.35294	1.35277	1.35278	17
2025.09.11 04:06	1.35277	1.35286	1.35272	1.35274	29
2025.09.11 04:07	1.35275	1.35296	1.35275	1.35296	19
2025.09.11 04:08	1.3529499999999999	1.353	1.35293	1.35298	14
2025.09.11 04:09	1.35297	1.353	1.3528	1.35281	35
2025.09.11 04:10	1.35282	1.35293	1.35281	1.35289	22
2025.09.11 04:11	1.35289	1.35289	1.35281	1.35286	30
2025.09.11 04:12	1.35287	1.35294	1.35284	1.35293	18
2025.09.11 04:13	1.35293	1.35293	1.3528	1.35283	23
2025.09.11 04:14	1.35286	1.35296	1.35286	1.35289	15
2025.09.11 04:15	1.35289	1.35291	1.35275	1.35277	18
2025.09.11 04:16	1.35276	1.35286	1.35276	1.35282	24
2025.09.11 04:17	1.35283	1.35286	1.3528	1.35284	27
2025.09.11 04:18	1.35283	1.35284	1.35277	1.35281	19
2025.09.11 04:19	1.3528	1.3528	1.35274	1.35274	27
2025.09.11 04:20	1.35272	1.35273	1.3526500000000001	1.3526799999999999	16
2025.09.11 04:21	1.35267	1.35279	1.35267	1.35278	32
2025.09.11 04:22	1.35277	1.35279	1.35275	1.35275	16
2025.09.11 04:23	1.3526799999999999	1.35277	1.3526799999999999	1.35273	23
2025.09.11 04:24	1.35274	1.35294	1.35274	1.3529	28
2025.09.11 04:25	1.35291	1.35303	1.35291	1.35301	31
2025.09.11 04:26	1.353	1.35305	1.35297	1.35302	34
2025.09.11 04:27	1.35303	1.35316	1.35303	1.35314	39
2025.09.11 04:28	1.35312	1.35312	1.35301	1.35308	42
2025.09.11 04:29	1.35308	1.35312	1.35304	1.35309	24
2025.09.11 04:30	1.35307	1.3534	1.35307	1.35337	49
2025.09.11 04:31	1.35336	1.35341	1.35315	1.35324	24
2025.09.11 04:32	1.35323	1.35323	1.35316	1.35318	11
2025.09.11 04:33	1.35318	1.35323	1.35314	1.3531900000000001	27
2025.09.11 04:34	1.35321	1.35321	1.35311	1.35316	22
2025.09.11 04:35	1.35316	1.35317	1.35308	1.35312	35
2025.09.11 04:36	1.35311	1.35312	1.35308	1.35309	15
2025.09.11 04:37	1.35306	1.35309	1.35304	1.35306	21
2025.09.11 04:38	1.35305	1.35311	1.3529900000000001	1.35309	8
2025.09.11 04:39	1.35309	1.3531	1.35305	1.35309	16
2025.09.11 04:40	1.35308	1.35317	1.35308	1.35314	24
2025.09.11 04:41	1.35315	1.35315	1.35308	1.3531	22
2025.09.11 04:42	1.35312	1.35318	1.35304	1.35308	27
2025.09.11 04:43	1.35309	1.3531900000000001	1.35308	1.35318	13
2025.09.11 04:44	1.35317	1.3531900000000001	1.35312	1.35317	14
2025.09.11 04:45	1.35317	1.3531900000000001	1.35315	1.35316	18
2025.09.11 04:46	1.35317	1.35317	1.35311	1.35316	18
2025.09.11 04:47	1.35317	1.35318	1.353	1.35309	29
2025.09.11 04:48	1.35309	1.35309	1.3529900000000001	1.353	6
2025.09.11 04:49	1.353	1.353	1.35298	1.3529900000000001	12
2025.09.11 04:50	1.3529900000000001	1.35301	1.3529200000000001	1.35294	14
2025.09.11 04:51	1.35297	1.35301	1.3529499999999999	1.35297	12
2025.09.11 04:52	1.3529900000000001	1.35307	1.3529900000000001	1.3529900000000001	7
2025.09.11 04:53	1.3529900000000001	1.353	1.35289	1.3529200000000001	15
2025.09.11 04:54	1.35296	1.35303	1.35296	1.35302	28
2025.09.11 04:55	1.35303	1.35317	1.35302	1.35317	24
2025.09.11 04:56	1.35316	1.35331	1.35315	1.35331	20
2025.09.11 04:57	1.35332	1.35332	1.35307	1.35309	30
2025.09.11 04:58	1.35312	1.35312	1.35291	1.35296	34
2025.09.11 04:59	1.35296	1.353	1.35291	1.3529900000000001	23
2025.09.11 05:00	1.35297	1.35297	1.35284	1.3529	18
2025.09.11 05:01	1.35288	1.3529	1.35284	1.35285	12
2025.09.11 05:02	1.35284	1.3529	1.35284	1.35289	11
2025.09.11 05:03	1.35289	1.35289	1.35282	1.35286	11
2025.09.11 05:04	1.35285	1.35287	1.35278	1.35287	14
2025.09.11 05:05	1.35287	1.35287	1.35277	1.35278	10
2025.09.11 05:06	1.35278	1.35285	1.35278	1.35281	12
2025.09.11 05:07	1.35281	1.35287	1.35276	1.35287	16
2025.09.11 05:08	1.35287	1.35287	1.35273	1.35278	20
2025.09.11 05:09	1.35277	1.35286	1.35277	1.35285	12
2025.09.11 05:10	1.35285	1.35289	1.35282	1.35283	26
2025.09.11 05:11	1.35282	1.35297	1.35282	1.35289	20
2025.09.11 05:12	1.35289	1.35289	1.35288	1.35288	4
2025.09.11 05:13	1.35288	1.3529	1.3528	1.35286	11
2025.09.11 05:14	1.35286	1.35293	1.35284	1.3529200000000001	13
2025.09.11 05:15	1.35293	1.35293	1.35281	1.3529	23
2025.09.11 05:16	1.35291	1.35293	1.35283	1.35283	23
2025.09.11 05:17	1.35283	1.35284	1.3528	1.3528	13
2025.09.11 05:18	1.35278	1.3528	1.35277	1.35277	9
2025.09.11 05:19	1.35278	1.35278	1.35256	1.35259	36
2025.09.11 05:20	1.3526	1.3526500000000001	1.35256	1.35262	22
2025.09.11 05:21	1.3525800000000001	1.3526099999999999	1.35243	1.35245	20
2025.09.11 05:22	1.35245	1.3525	1.3522	1.35225	29
2025.09.11 05:23	1.35232	1.35237	1.35225	1.35229	19
2025.09.11 05:24	1.3523	1.3523800000000001	1.3523	1.3523	13
2025.09.11 05:25	1.35229	1.3524	1.35228	1.3524	11
2025.09.11 05:26	1.35239	1.3525	1.35239	1.3525	20
2025.09.11 05:27	1.3525	1.35253	1.35248	1.35252	17
2025.09.11 05:28	1.35252	1.35254	1.35242	1.35245	32
2025.09.11 05:29	1.35244	1.35251	1.35244	1.35248	20
2025.09.11 05:30	1.35249	1.35254	1.35249	1.35249	41
2025.09.11 05:31	1.3525	1.35251	1.35246	1.35249	16
2025.09.11 05:32	1.35249	1.35253	1.35245	1.35253	18
2025.09.11 05:33	1.35253	1.35253	1.35248	1.35248	11
2025.09.11 05:34	1.35249	1.3525	1.35243	1.3525	21
2025.09.11 05:35	1.35249	1.35257	1.35248	1.35256	19
2025.09.11 05:36	1.35256	1.35256	1.35246	1.35249	15
2025.09.11 05:37	1.3525	1.35264	1.3525	1.35262	33
2025.09.11 05:38	1.35263	1.35274	1.35257	1.35273	31
2025.09.11 05:39	1.3527	1.35278	1.3526799999999999	1.3527	24
2025.09.11 05:40	1.35269	1.3527	1.3525800000000001	1.35259	22
2025.09.11 05:41	1.35256	1.35259	1.3525	1.3525800000000001	16
2025.09.11 05:42	1.35257	1.35257	1.35248	1.35253	33
2025.09.11 05:43	1.35254	1.35262	1.35253	1.35257	25
2025.09.11 05:44	1.35257	1.35257	1.35246	1.35249	14
2025.09.11 05:45	1.35249	1.35263	1.35249	1.35254	17
2025.09.11 05:46	1.35257	1.3526799999999999	1.35254	1.3526799999999999	28
2025.09.11 05:47	1.35267	1.3526799999999999	1.35257	1.35257	25
2025.09.11 05:48	1.3525800000000001	1.3525800000000001	1.35247	1.35252	26
2025.09.11 05:49	1.35251	1.35271	1.35249	1.35267	36
2025.09.11 05:50	1.35267	1.35269	1.35266	1.35267	18
2025.09.11 05:51	1.3526799999999999	1.3527	1.3526099999999999	1.35269	16
2025.09.11 05:52	1.35263	1.35267	1.35256	1.35263	16
2025.09.11 05:53	1.35262	1.35262	1.35259	1.3526	15
2025.09.11 05:54	1.3525800000000001	1.3526	1.35257	1.3526	4
2025.09.11 05:55	1.3526099999999999	1.35269	1.35259	1.35267	21
2025.09.11 05:56	1.3526799999999999	1.3526799999999999	1.35249	1.3525	17
2025.09.11 05:57	1.35251	1.35263	1.35249	1.35257	15
2025.09.11 05:58	1.35257	1.3526099999999999	1.35256	1.35259	20
2025.09.11 05:59	1.35259	1.3526099999999999	1.35257	1.3525800000000001	24
2025.09.11 06:00	1.35257	1.35263	1.35248	1.35263	50
2025.09.11 06:01	1.3526500000000001	1.35271	1.3526500000000001	1.3526799999999999	14
2025.09.11 06:02	1.3526799999999999	1.35274	1.35267	1.35273	20
2025.09.11 06:03	1.35273	1.35277	1.3527	1.35271	17
2025.09.11 06:04	1.3527	1.35287	1.35269	1.35287	32
2025.09.11 06:05	1.35284	1.3529900000000001	1.35284	1.35287	25
2025.09.11 06:06	1.35286	1.35287	1.35276	1.35286	21
2025.09.11 06:07	1.35287	1.3529	1.35284	1.3529	14
2025.09.11 06:08	1.35291	1.35291	1.35283	1.35284	13
2025.09.11 06:09	1.35284	1.35284	1.35279	1.35279	15
2025.09.11 06:10	1.35279	1.35281	1.35278	1.35279	13
2025.09.11 06:11	1.35279	1.3528	1.3527	1.3527	18
2025.09.11 06:12	1.3527	1.35279	1.3527	1.35279	11
2025.09.11 06:13	1.35278	1.3528	1.35277	1.35279	12
2025.09.11 06:14	1.35279	1.35281	1.35274	1.35276	10
2025.09.11 06:15	1.35275	1.35275	1.35267	1.35269	9
2025.09.11 06:16	1.35269	1.3527	1.35266	1.35267	13
2025.09.11 06:17	1.35266	1.3526799999999999	1.35266	1.35267	10
2025.09.11 06:18	1.3526799999999999	1.35269	1.35267	1.3526799999999999	9
2025.09.11 06:19	1.35269	1.35269	1.35254	1.35256	14
2025.09.11 06:20	1.35256	1.35269	1.35256	1.35269	14
2025.09.11 06:21	1.3526799999999999	1.35269	1.35267	1.3526799999999999	18
2025.09.11 06:22	1.35267	1.35269	1.35266	1.35269	21
2025.09.11 06:23	1.3527	1.35271	1.35269	1.35269	10
2025.09.11 06:24	1.35269	1.35272	1.35267	1.3527	15
2025.09.11 06:25	1.35269	1.35277	1.35269	1.35277	20
2025.09.11 06:26	1.3528	1.35287	1.35275	1.35287	19
2025.09.11 06:27	1.35288	1.35289	1.35281	1.35281	16
2025.09.11 06:28	1.3528	1.35291	1.35279	1.35288	17
2025.09.11 06:29	1.35288	1.35298	1.35288	1.35291	21
2025.09.11 06:30	1.3529200000000001	1.3529200000000001	1.3528	1.3528	32
2025.09.11 06:31	1.3528	1.35287	1.3528	1.35282	20
2025.09.11 06:32	1.35283	1.35289	1.35279	1.35288	14
2025.09.11 06:33	1.35288	1.35289	1.35279	1.35279	15
2025.09.11 06:34	1.3528	1.3529	1.35279	1.35287	11
2025.09.11 06:35	1.35281	1.35291	1.3528	1.35291	6
2025.09.11 06:36	1.3529200000000001	1.3529200000000001	1.3528	1.35283	27
2025.09.11 06:37	1.35284	1.35288	1.35282	1.35287	22
2025.09.11 06:38	1.35288	1.35294	1.35287	1.35293	12
2025.09.11 06:39	1.35294	1.35294	1.35284	1.35284	20
2025.09.11 06:40	1.35284	1.35285	1.35282	1.35283	10
2025.09.11 06:41	1.35283	1.35286	1.35278	1.3528	13
2025.09.11 06:42	1.35278	1.35281	1.3527	1.35274	24
2025.09.11 06:43	1.35272	1.35274	1.35272	1.35274	16
2025.09.11 06:44	1.35273	1.35277	1.35271	1.35277	20
2025.09.11 06:45	1.35277	1.35277	1.35264	1.3526799999999999	25
2025.09.11 06:46	1.3526799999999999	1.3527	1.35267	1.3526799999999999	10
2025.09.11 06:47	1.35269	1.3527	1.35267	1.3526799999999999	21
2025.09.11 06:48	1.3526799999999999	1.35271	1.35263	1.35266	18
2025.09.11 06:49	1.3526500000000001	1.35269	1.35264	1.35267	12
2025.09.11 06:50	1.3526799999999999	1.3526799999999999	1.35264	1.35267	14
2025.09.11 06:51	1.3526799999999999	1.35274	1.35267	1.35271	13
2025.09.11 06:52	1.3527	1.35275	1.3527	1.35275	13
2025.09.11 06:53	1.35273	1.35275	1.35269	1.35269	17
2025.09.11 06:54	1.35269	1.35269	1.35259	1.3526	16
2025.09.11 06:55	1.35259	1.35269	1.35256	1.35269	24
2025.09.11 06:56	1.35269	1.35271	1.35266	1.3527	28
2025.09.11 06:57	1.35272	1.35276	1.3526799999999999	1.3526799999999999	21
2025.09.11 06:58	1.35264	1.35269	1.35264	1.3526799999999999	18
2025.09.11 06:59	1.35267	1.35275	1.35267	1.35273	25
2025.09.11 07:00	1.35273	1.35283	1.35272	1.35277	25
2025.09.11 07:01	1.35277	1.35278	1.35271	1.35271	13
2025.09.11 07:02	1.35269	1.35281	1.35269	1.35279	18
2025.09.11 07:03	1.35279	1.35279	1.3526799999999999	1.3526799999999999	18
2025.09.11 07:04	1.35269	1.35274	1.3526799999999999	1.35272	15
2025.09.11 07:05	1.35269	1.35269	1.35263	1.35264	14
2025.09.11 07:06	1.35264	1.35264	1.35256	1.35259	6
2025.09.11 07:07	1.3526	1.35262	1.35259	1.3526	6
2025.09.11 07:08	1.3526	1.35269	1.3526	1.35269	15
2025.09.11 07:09	1.3526799999999999	1.35269	1.35267	1.35267	8
2025.09.11 07:10	1.35267	1.3526799999999999	1.35259	1.35259	12
2025.09.11 07:11	1.3526	1.35272	1.35259	1.35272	17
2025.09.11 07:12	1.35271	1.35271	1.35267	1.35267	8
2025.09.11 07:13	1.35267	1.3526799999999999	1.35267	1.35267	7
2025.09.11 07:14	1.35267	1.3526799999999999	1.3526500000000001	1.35267	13
2025.09.11 07:15	1.35267	1.3527	1.35264	1.3526799999999999	12
2025.09.11 07:16	1.35267	1.3526799999999999	1.35263	1.3526500000000001	11
2025.09.11 07:17	1.35264	1.35264	1.3525800000000001	1.3526	15
2025.09.11 07:18	1.35259	1.35267	1.35259	1.3526500000000001	14
2025.09.11 07:19	1.35264	1.3526500000000001	1.35257	1.35257	11
2025.09.11 07:20	1.3525800000000001	1.3526099999999999	1.3525	1.35259	19
2025.09.11 07:21	1.3525800000000001	1.3525800000000001	1.35256	1.35257	16
2025.09.11 07:22	1.3525800000000001	1.3525800000000001	1.35251	1.35254	29
2025.09.11 07:23	1.35253	1.35257	1.35247	1.35256	24
2025.09.11 07:24	1.35255	1.35257	1.3525	1.35257	31
2025.09.11 07:25	1.35256	1.35256	1.35243	1.35246	18
2025.09.11 07:26	1.35246	1.35249	1.35232	1.35239	24
2025.09.11 07:27	1.3523800000000001	1.35249	1.3523800000000001	1.35247	31
2025.09.11 07:28	1.35245	1.35254	1.35245	1.3525	31
2025.09.11 07:29	1.35251	1.35257	1.35251	1.35255	21
2025.09.11 07:30	1.35255	1.3526	1.35252	1.3526	21
2025.09.11 07:31	1.35267	1.35267	1.3526099999999999	1.3526500000000001	33
2025.09.11 07:32	1.3526500000000001	1.35267	1.35264	1.35267	19
2025.09.11 07:33	1.35267	1.3526799999999999	1.35264	1.3526500000000001	11
2025.09.11 07:34	1.35264	1.35264	1.35256	1.3525800000000001	13
2025.09.11 07:35	1.3525800000000001	1.3526	1.35249	1.35249	16
2025.09.11 07:36	1.3525	1.35253	1.35249	1.35251	13
2025.09.11 07:37	1.3525	1.3525	1.35242	1.35249	16
2025.09.11 07:38	1.35249	1.3525	1.35249	1.35249	7
2025.09.11 07:39	1.3525	1.35257	1.35249	1.35254	13
2025.09.11 07:40	1.35253	1.35256	1.35248	1.35249	30
2025.09.11 07:41	1.35248	1.35253	1.35248	1.35249	8
2025.09.11 07:42	1.35248	1.35254	1.35246	1.35253	10
2025.09.11 07:43	1.3525	1.35253	1.35249	1.35253	4
2025.09.11 07:44	1.35252	1.35253	1.3525	1.3525	9
2025.09.11 07:45	1.35251	1.35251	1.35246	1.35248	17
2025.09.11 07:46	1.35249	1.35253	1.35247	1.35252	11
2025.09.11 07:47	1.35253	1.35253	1.35249	1.35251	5
2025.09.11 07:48	1.3525	1.35252	1.35246	1.35247	11
2025.09.11 07:49	1.35247	1.35247	1.35239	1.35239	16
2025.09.11 07:50	1.3523800000000001	1.35242	1.3523800000000001	1.35242	11
2025.09.11 07:51	1.35241	1.35241	1.35236	1.3524	13
2025.09.11 07:52	1.35239	1.3524	1.3523800000000001	1.35239	7
2025.09.11 07:53	1.35239	1.35241	1.3523	1.35235	14
2025.09.11 07:54	1.35236	1.35243	1.35235	1.35242	14
2025.09.11 07:55	1.35243	1.35253	1.35241	1.35253	12
2025.09.11 07:56	1.35253	1.35254	1.35251	1.35252	10
2025.09.11 07:57	1.35253	1.35257	1.35252	1.35257	14
2025.09.11 07:58	1.3525800000000001	1.35259	1.35256	1.35259	7
2025.09.11 07:59	1.35257	1.3527	1.35257	1.3527	15
2025.09.11 08:00	1.3527	1.3527	1.3525	1.35255	35
2025.09.11 08:01	1.35255	1.35255	1.3525	1.35252	26
2025.09.11 08:02	1.35249	1.3525	1.35246	1.35249	12
2025.09.11 08:03	1.3525	1.35256	1.35249	1.35253	15
2025.09.11 08:04	1.35253	1.35259	1.35249	1.35253	13
2025.09.11 08:05	1.35254	1.3525800000000001	1.3525	1.3525	15
2025.09.11 08:06	1.3525	1.3525	1.35237	1.35239	15
2025.09.11 08:07	1.35239	1.35242	1.35239	1.35239	11
2025.09.11 08:08	1.3524	1.35242	1.3524	1.35241	13
2025.09.11 08:09	1.3524	1.35241	1.3524	1.3524	9
2025.09.11 08:10	1.3524	1.3524	1.3523100000000001	1.3523100000000001	12
2025.09.11 08:11	1.3523	1.35233	1.35226	1.35233	7
2025.09.11 08:12	1.35232	1.35232	1.35227	1.35229	10
2025.09.11 08:13	1.35229	1.3523	1.35212	1.35212	15
2025.09.11 08:14	1.35211	1.3522	1.35206	1.35215	25
2025.09.11 08:15	1.3522	1.35223	1.35215	1.35219	22
2025.09.11 08:16	1.35216	1.3523	1.35216	1.35223	21
2025.09.11 08:17	1.35224	1.35233	1.35224	1.35233	6
2025.09.11 08:18	1.35235	1.35239	1.35219	1.3522	16
2025.09.11 08:19	1.3522	1.3522	1.35217	1.3522	4
2025.09.11 08:20	1.35221	1.35223	1.35216	1.35216	11
2025.09.11 08:21	1.35222	1.35224	1.35218	1.3522	9
2025.09.11 08:22	1.3522	1.35221	1.35218	1.35218	11
2025.09.11 08:23	1.35219	1.35227	1.35218	1.35227	13
2025.09.11 08:24	1.35226	1.35227	1.3522	1.35226	20
2025.09.11 08:25	1.35225	1.35226	1.35223	1.35225	22
2025.09.11 08:26	1.35226	1.35227	1.35214	1.35214	12
2025.09.11 08:27	1.35214	1.35218	1.35214	1.35218	17
2025.09.11 08:28	1.35217	1.35224	1.35217	1.35223	13
2025.09.11 08:29	1.35224	1.3523	1.35216	1.35221	15
2025.09.11 08:30	1.35222	1.35222	1.35217	1.35218	8
2025.09.11 08:31	1.35218	1.35218	1.3520699999999999	1.35208	17
2025.09.11 08:32	1.35208	1.35209	1.35202	1.35208	22
2025.09.11 08:33	1.35208	1.35219	1.35208	1.35218	20
2025.09.11 08:34	1.35219	1.35228	1.35218	1.35224	19
2025.09.11 08:35	1.35221	1.35245	1.35219	1.35245	24
2025.09.11 08:36	1.35244	1.35252	1.3523800000000001	1.3523800000000001	24
2025.09.11 08:37	1.3523800000000001	1.35245	1.35236	1.35243	20
2025.09.11 08:38	1.35242	1.35251	1.35236	1.35242	23
2025.09.11 08:39	1.35241	1.35251	1.35241	1.35248	18
2025.09.11 08:40	1.35247	1.35247	1.35239	1.35241	23
2025.09.11 08:41	1.35241	1.35242	1.35239	1.35242	8
2025.09.11 08:42	1.35243	1.35252	1.35243	1.3525	14
2025.09.11 08:43	1.3525	1.3525	1.3524	1.35241	14
2025.09.11 08:44	1.3524	1.3524	1.3522	1.3523	24
2025.09.11 08:45	1.35229	1.35232	1.35218	1.3522	24
2025.09.11 08:46	1.35219	1.35224	1.35219	1.3522	12
2025.09.11 08:47	1.35219	1.3523	1.35217	1.35229	28
2025.09.11 08:48	1.3523	1.3523	1.35221	1.35225	25
2025.09.11 08:49	1.35225	1.35226	1.3522	1.3522	17
2025.09.11 08:50	1.3522	1.35223	1.35216	1.3522	17
2025.09.11 08:51	1.35219	1.35229	1.35219	1.35221	30
2025.09.11 08:52	1.35222	1.35222	1.35211	1.35219	28
2025.09.11 08:53	1.35219	1.35221	1.35209	1.35215	27
2025.09.11 08:54	1.35214	1.35219	1.35198	1.35201	44
2025.09.11 08:55	1.35202	1.35202	1.35164	1.35172	66
2025.09.11 08:56	1.3517000000000001	1.3517299999999999	1.35155	1.3517299999999999	47
2025.09.11 08:57	1.3517299999999999	1.3517299999999999	1.35161	1.3516599999999999	37
2025.09.11 08:58	1.35165	1.35171	1.35147	1.35154	72
2025.09.11 08:59	1.35154	1.3517000000000001	1.35151	1.35165	32
2025.09.11 09:00	1.35165	1.3516599999999999	1.3515	1.3516	60
2025.09.11 09:01	1.3516	1.3516	1.35117	1.35125	58
2025.09.11 09:02	1.35125	1.35144	1.35122	1.35142	54
2025.09.11 09:03	1.35144	1.35171	1.3513899999999999	1.35171	41
2025.09.11 09:04	1.35171	1.35182	1.3516599999999999	1.3516599999999999	35
2025.09.11 09:05	1.3516599999999999	1.35192	1.3516599999999999	1.35186	39
2025.09.11 09:06	1.35186	1.35201	1.35176	1.35191	59
2025.09.11 09:07	1.35192	1.35199	1.35176	1.35178	47
2025.09.11 09:08	1.35176	1.35184	1.35171	1.35184	26
2025.09.11 09:09	1.35183	1.3522	1.3517700000000001	1.35214	61
2025.09.11 09:10	1.35214	1.35246	1.35211	1.35211	73
2025.09.11 09:11	1.3521	1.35216	1.35189	1.3519	57
2025.09.11 09:12	1.35189	1.3520400000000001	1.35187	1.35194	55
2025.09.11 09:13	1.35194	1.3519999999999999	1.35157	1.35175	69
2025.09.11 09:14	1.35175	1.35175	1.3514300000000001	1.35145	54
2025.09.11 09:15	1.35144	1.35147	1.35117	1.35126	80
2025.09.11 09:16	1.35128	1.3513600000000001	1.35111	1.3511600000000001	50
2025.09.11 09:17	1.3511600000000001	1.35137	1.3511600000000001	1.35133	47
2025.09.11 09:18	1.35133	1.35163	1.35131	1.35163	42
2025.09.11 09:19	1.35163	1.35169	1.35149	1.35161	52
2025.09.11 09:20	1.35162	1.35163	1.35151	1.35153	39
2025.09.11 09:21	1.35153	1.35175	1.35152	1.3517000000000001	51
2025.09.11 09:22	1.35169	1.35184	1.35169	1.3518	39
2025.09.11 09:23	1.35179	1.35184	1.35171	1.35178	33
2025.09.11 09:24	1.35178	1.35194	1.35178	1.35191	38
2025.09.11 09:25	1.35193	1.35195	1.3517700000000001	1.35193	45
2025.09.11 09:26	1.35194	1.35203	1.35186	1.35196	40
2025.09.11 09:27	1.35196	1.35213	1.35195	1.35213	38
2025.09.11 09:28	1.35212	1.35212	1.35193	1.3519700000000001	39
2025.09.11 09:29	1.35198	1.35203	1.35191	1.35191	46
2025.09.11 09:30	1.35191	1.35203	1.35168	1.35181	56
2025.09.11 09:31	1.35181	1.35201	1.35176	1.35198	48
2025.09.11 09:32	1.35199	1.35199	1.35183	1.35185	53
2025.09.11 09:33	1.35186	1.35186	1.35168	1.35174	42
2025.09.11 09:34	1.35172	1.35179	1.35157	1.35179	42
2025.09.11 09:35	1.3517299999999999	1.35194	1.3517299999999999	1.35193	35
2025.09.11 09:36	1.35194	1.35196	1.35168	1.35168	35
2025.09.11 09:37	1.35168	1.3517700000000001	1.35165	1.35174	51
2025.09.11 09:38	1.35171	1.35182	1.35168	1.35179	51
2025.09.11 09:39	1.3518	1.35184	1.35174	1.35181	39
2025.09.11 09:40	1.35181	1.35199	1.35172	1.35179	55
2025.09.11 09:41	1.3518	1.35185	1.35164	1.3516599999999999	38
2025.09.11 09:42	1.35165	1.3517299999999999	1.35163	1.35164	38
2025.09.11 09:43	1.35163	1.35192	1.3516	1.35192	36
2025.09.11 09:44	1.35192	1.35202	1.35182	1.35185	26
2025.09.11 09:45	1.35185	1.35192	1.3517700000000001	1.35183	37
2025.09.11 09:46	1.35188	1.35202	1.35187	1.35191	33
2025.09.11 09:47	1.35187	1.35201	1.35186	1.35191	44
2025.09.11 09:48	1.35191	1.35193	1.35168	1.35176	37
2025.09.11 09:49	1.35176	1.35189	1.35175	1.35176	34
2025.09.11 09:50	1.35176	1.35202	1.35171	1.35201	35
2025.09.11 09:51	1.35201	1.35201	1.3519	1.3519700000000001	37
2025.09.11 09:52	1.35195	1.35212	1.35187	1.35203	42
2025.09.11 09:53	1.35202	1.35222	1.35198	1.35216	27
2025.09.11 09:54	1.35215	1.35221	1.35192	1.35202	44
2025.09.11 09:55	1.35202	1.35203	1.35182	1.35184	53
2025.09.11 09:56	1.35183	1.35184	1.35155	1.35165	63
2025.09.11 09:57	1.3516599999999999	1.3516599999999999	1.3514599999999999	1.35148	32
2025.09.11 09:58	1.35147	1.35161	1.3514599999999999	1.35159	38
2025.09.11 09:59	1.35159	1.35163	1.35151	1.35163	45
2025.09.11 10:00	1.35161	1.3519	1.35159	1.35175	67
2025.09.11 10:01	1.35176	1.35205	1.35176	1.35196	64
2025.09.11 10:02	1.3519700000000001	1.35205	1.35189	1.35202	61
2025.09.11 10:03	1.35202	1.35203	1.35187	1.35191	41
2025.09.11 10:04	1.35191	1.35192	1.35172	1.35178	62
2025.09.11 10:05	1.3517700000000001	1.35182	1.35154	1.35179	62
2025.09.11 10:06	1.35178	1.35212	1.35178	1.35212	21
2025.09.11 10:07	1.35212	1.35223	1.35191	1.35195	60
2025.09.11 10:08	1.35195	1.35195	1.35162	1.35162	41
2025.09.11 10:09	1.35161	1.35161	1.3514	1.35145	42
2025.09.11 10:10	1.35145	1.35156	1.35137	1.3513899999999999	55
2025.09.11 10:11	1.35135	1.35163	1.35135	1.35163	52
2025.09.11 10:12	1.35162	1.35172	1.35156	1.35165	31
2025.09.11 10:13	1.35168	1.35187	1.35151	1.35152	65
2025.09.11 10:14	1.35152	1.35162	1.35144	1.3514599999999999	40
2025.09.11 10:15	1.3514599999999999	1.35164	1.3513899999999999	1.35164	45
2025.09.11 10:16	1.3516599999999999	1.3516599999999999	1.3513600000000001	1.3513600000000001	41
2025.09.11 10:17	1.35135	1.35145	1.35104	1.35107	52
2025.09.11 10:18	1.35106	1.35122	1.35079	1.35089	76
2025.09.11 10:19	1.35089	1.35104	1.35077	1.35104	33
2025.09.11 10:20	1.35103	1.3510499999999999	1.35079	1.3509	41
2025.09.11 10:21	1.3509	1.3509	1.35076	1.3507799999999999	48
2025.09.11 10:22	1.35077	1.35091	1.35076	1.35084	39
2025.09.11 10:23	1.3507799999999999	1.35084	1.35069	1.3507500000000001	26
2025.09.11 10:24	1.3507500000000001	1.3511	1.35069	1.35106	53
2025.09.11 10:25	1.3510499999999999	1.3510499999999999	1.35073	1.3507500000000001	49
2025.09.11 10:26	1.35081	1.3508499999999999	1.35071	1.35081	47
2025.09.11 10:27	1.3508	1.35087	1.3507	1.35087	46
2025.09.11 10:28	1.35086	1.35086	1.35067	1.35074	32
2025.09.11 10:29	1.35064	1.35083	1.35057	1.3506	59
2025.09.11 10:30	1.35066	1.35066	1.35029	1.35039	80
2025.09.11 10:31	1.3504	1.35064	1.35039	1.35053	64
2025.09.11 10:32	1.3505	1.35059	1.3505	1.35056	30
2025.09.11 10:33	1.35055	1.35101	1.35054	1.35095	50
2025.09.11 10:34	1.35095	1.35103	1.3508499999999999	1.35089	37
2025.09.11 10:35	1.35088	1.3510499999999999	1.3507799999999999	1.35087	42
2025.09.11 10:36	1.35087	1.35103	1.3508499999999999	1.35103	47
2025.09.11 10:37	1.35103	1.35141	1.35103	1.35122	41
2025.09.11 10:38	1.35122	1.35133	1.35115	1.35126	34
2025.09.11 10:39	1.35127	1.35133	1.3511199999999999	1.35132	35
2025.09.11 10:40	1.35133	1.35142	1.35125	1.35126	61
2025.09.11 10:41	1.35126	1.35153	1.35126	1.35153	37
2025.09.11 10:42	1.35151	1.35158	1.35138	1.3514599999999999	44
2025.09.11 10:43	1.3514599999999999	1.35158	1.3514300000000001	1.35151	36
2025.09.11 10:44	1.35154	1.35163	1.35141	1.35156	43
2025.09.11 10:45	1.35155	1.35162	1.35147	1.35147	42
2025.09.11 10:46	1.35147	1.35149	1.35126	1.35135	45
2025.09.11 10:47	1.35135	1.3516	1.35135	1.35155	35
2025.09.11 10:48	1.35155	1.35164	1.35155	1.35163	28
2025.09.11 10:49	1.35163	1.35174	1.35158	1.35167	42
2025.09.11 10:50	1.35167	1.3517299999999999	1.35152	1.35154	27
2025.09.11 10:51	1.35154	1.35168	1.3514599999999999	1.35147	45
2025.09.11 10:52	1.35147	1.35165	1.35147	1.35164	40
2025.09.11 10:53	1.35163	1.35164	1.35138	1.35138	27
2025.09.11 10:54	1.35144	1.35151	1.35132	1.35142	47
2025.09.11 10:55	1.35142	1.35152	1.35133	1.3514300000000001	43
2025.09.11 10:56	1.35144	1.35162	1.35137	1.35153	32
2025.09.11 10:57	1.35154	1.35162	1.3514599999999999	1.3514599999999999	43
2025.09.11 10:58	1.3514599999999999	1.35156	1.3513600000000001	1.3513600000000001	46
2025.09.11 10:59	1.3513600000000001	1.35158	1.35129	1.35158	39
2025.09.11 11:00	1.35161	1.3517299999999999	1.35147	1.35165	51
2025.09.11 11:01	1.35165	1.35179	1.35158	1.35172	33
2025.09.11 11:02	1.35172	1.3517299999999999	1.3516	1.35162	27
2025.09.11 11:03	1.35162	1.35162	1.35145	1.35157	26
2025.09.11 11:04	1.35157	1.3517299999999999	1.35155	1.35163	30
2025.09.11 11:05	1.3516	1.35183	1.3516	1.35167	21
2025.09.11 11:06	1.3516599999999999	1.35171	1.3513899999999999	1.3514300000000001	40
2025.09.11 11:07	1.3514300000000001	1.35165	1.3513899999999999	1.35158	54
2025.09.11 11:08	1.35158	1.35172	1.35157	1.35171	23
2025.09.11 11:09	1.35171	1.35172	1.35151	1.35159	29
2025.09.11 11:10	1.35159	1.35159	1.35141	1.35142	32
2025.09.11 11:11	1.3514300000000001	1.35149	1.35133	1.35149	24
2025.09.11 11:12	1.35147	1.35147	1.35135	1.35138	31
2025.09.11 11:13	1.35138	1.35167	1.35138	1.3516599999999999	29
2025.09.11 11:14	1.3516599999999999	1.3517000000000001	1.3514599999999999	1.35148	48
2025.09.11 11:15	1.35147	1.35152	1.35141	1.3515	29
2025.09.11 11:16	1.3515	1.35172	1.3515	1.35172	41
2025.09.11 11:17	1.35172	1.3517700000000001	1.3516599999999999	1.35171	13
2025.09.11 11:18	1.35171	1.35183	1.35169	1.3517299999999999	35
2025.09.11 11:19	1.35174	1.35174	1.35161	1.35171	36
2025.09.11 11:20	1.3517000000000001	1.35175	1.35165	1.3517000000000001	25
2025.09.11 11:21	1.3517299999999999	1.35191	1.35169	1.35188	28
2025.09.11 11:22	1.35187	1.35213	1.35186	1.3520699999999999	34
2025.09.11 11:23	1.3519999999999999	1.3520400000000001	1.35178	1.35183	30
2025.09.11 11:24	1.35183	1.35195	1.35182	1.35194	27
2025.09.11 11:25	1.35193	1.35193	1.35186	1.35191	21
2025.09.11 11:26	1.3519	1.35203	1.3519	1.3519999999999999	24
2025.09.11 11:27	1.3519999999999999	1.3520400000000001	1.35193	1.3519999999999999	21
2025.09.11 11:28	1.35201	1.35213	1.3519999999999999	1.35212	28
2025.09.11 11:29	1.35211	1.35213	1.3519	1.35193	52
2025.09.11 11:30	1.35191	1.35198	1.35176	1.3518	52
2025.09.11 11:31	1.35179	1.35185	1.35167	1.3518	41
2025.09.11 11:32	1.3518	1.35188	1.35178	1.3518	37
2025.09.11 11:33	1.35178	1.35184	1.35167	1.35169	30
2025.09.11 11:34	1.3516599999999999	1.35194	1.3516599999999999	1.35185	37
2025.09.11 11:35	1.35185	1.35195	1.35184	1.35188	32
2025.09.11 11:36	1.35188	1.35192	1.35168	1.35171	26
2025.09.11 11:37	1.3517000000000001	1.3517000000000001	1.35152	1.35157	40
2025.09.11 11:38	1.35156	1.3518	1.35156	1.35179	41
2025.09.11 11:39	1.35179	1.3518	1.35167	1.35169	29
2025.09.11 11:40	1.3517000000000001	1.35172	1.35151	1.35156	39
2025.09.11 11:41	1.35156	1.35163	1.3514300000000001	1.35154	31
2025.09.11 11:42	1.35155	1.35164	1.35155	1.35164	32
2025.09.11 11:43	1.35165	1.35198	1.35165	1.35187	57
2025.09.11 11:44	1.35188	1.35188	1.35174	1.35178	35
2025.09.11 11:45	1.35178	1.35178	1.35165	1.35175	34
2025.09.11 11:46	1.35174	1.3517700000000001	1.35167	1.35171	41
2025.09.11 11:47	1.35172	1.35193	1.3517000000000001	1.35187	29
2025.09.11 11:48	1.35187	1.35201	1.35182	1.35183	39
2025.09.11 11:49	1.35182	1.35195	1.3517700000000001	1.35195	29
2025.09.11 11:50	1.35195	1.3519999999999999	1.35171	1.35176	42
2025.09.11 11:51	1.3517000000000001	1.3518	1.35159	1.35179	40
2025.09.11 11:52	1.35179	1.35182	1.3517000000000001	1.35176	23
2025.09.11 11:53	1.35178	1.35193	1.35178	1.35193	46
2025.09.11 11:54	1.35191	1.35192	1.35183	1.35189	37
2025.09.11 11:55	1.3519	1.3519	1.35172	1.35174	49
2025.09.11 11:56	1.3517299999999999	1.35176	1.35164	1.35174	37
2025.09.11 11:57	1.3517299999999999	1.35176	1.35169	1.35174	39
2025.09.11 11:58	1.35175	1.3518	1.35149	1.35155	28
2025.09.11 11:59	1.35155	1.35157	1.35138	1.35149	35
2025.09.11 12:00	1.35149	1.35161	1.35142	1.35159	26
2025.09.11 12:01	1.35159	1.35161	1.35145	1.35145	11
2025.09.11 12:02	1.35144	1.35145	1.3512	1.35129	32
2025.09.11 12:03	1.35129	1.3513	1.35106	1.35113	49
2025.09.11 12:04	1.35113	1.35113	1.35087	1.35091	45
2025.09.11 12:05	1.35089	1.35089	1.35059	1.35064	43
2025.09.11 12:06	1.35063	1.35084	1.35062	1.35083	35
2025.09.11 12:07	1.35083	1.35084	1.35073	1.35073	21
2025.09.11 12:08	1.35071	1.3507500000000001	1.35059	1.35073	36
2025.09.11 12:09	1.35074	1.3508200000000001	1.35063	1.3508	39
2025.09.11 12:10	1.3508	1.3508	1.35067	1.35069	27
2025.09.11 12:11	1.35069	1.3508499999999999	1.35061	1.35081	33
2025.09.11 12:12	1.3508200000000001	1.3512	1.3508	1.35108	39
2025.09.11 12:13	1.35108	1.3511600000000001	1.35101	1.35101	36
2025.09.11 12:14	1.35098	1.3510499999999999	1.35088	1.3509	29
2025.09.11 12:15	1.3509	1.3509	1.35063	1.35064	42
2025.09.11 12:16	1.35063	1.35093	1.35063	1.3508200000000001	41
2025.09.11 12:17	1.35081	1.35093	1.35079	1.35079	45
2025.09.11 12:18	1.35074	1.35094	1.35071	1.35088	41
2025.09.11 12:19	1.35087	1.3509	1.3508	1.35084	27
2025.09.11 12:20	1.35084	1.3509	1.35066	1.35086	36
2025.09.11 12:21	1.35086	1.35086	1.35069	1.3508	21
2025.09.11 12:22	1.3508	1.3508499999999999	1.35068	1.35072	28
2025.09.11 12:23	1.35072	1.35074	1.35055	1.35067	32
2025.09.11 12:24	1.35067	1.3507	1.35043	1.3504800000000001	34
2025.09.11 12:25	1.35047	1.35047	1.35022	1.35032	46
2025.09.11 12:26	1.35033	1.35035	1.35023	1.35023	19
2025.09.11 12:27	1.3501699999999999	1.35035	1.3501699999999999	1.35035	36
2025.09.11 12:28	1.35035	1.3504399999999999	1.35031	1.3504399999999999	38
2025.09.11 12:29	1.3504399999999999	1.35063	1.3504399999999999	1.35059	23
2025.09.11 12:30	1.35059	1.3508200000000001	1.3504399999999999	1.3508	44
2025.09.11 12:31	1.35081	1.35092	1.35076	1.35083	34
2025.09.11 12:32	1.35083	1.35107	1.3507799999999999	1.35093	39
2025.09.11 12:33	1.35093	1.35099	1.35079	1.35079	30
2025.09.11 12:34	1.3507799999999999	1.3507799999999999	1.35055	1.35057	48
2025.09.11 12:35	1.35056	1.35065	1.35055	1.35055	33
2025.09.11 12:36	1.35057	1.35061	1.35041	1.35042	42
2025.09.11 12:37	1.35042	1.35067	1.35042	1.35061	38
2025.09.11 12:38	1.35061	1.35076	1.35055	1.35068	48
2025.09.11 12:39	1.35067	1.35073	1.35057	1.35062	38
2025.09.11 12:40	1.35063	1.35069	1.35012	1.35025	65
2025.09.11 12:41	1.35019	1.35043	1.35011	1.35041	32
2025.09.11 12:42	1.35043	1.35043	1.34999	1.35	33
2025.09.11 12:43	1.35007	1.35013	1.34998	1.35	31
2025.09.11 12:44	1.35006	1.35006	1.34964	1.34976	51
2025.09.11 12:45	1.34976	1.34982	1.34941	1.34979	65
2025.09.11 12:46	1.34977	1.34995	1.34958	1.34995	46
2025.09.11 12:47	1.34996	1.35032	1.34989	1.3503	41
2025.09.11 12:48	1.35031	1.35041	1.35016	1.35018	40
2025.09.11 12:49	1.35007	1.35046	1.35003	1.35038	43
2025.09.11 12:50	1.35037	1.35038	1.35026	1.35033	37
2025.09.11 12:51	1.3504	1.35057	1.35037	1.35047	32
2025.09.11 12:52	1.3504800000000001	1.35062	1.3504800000000001	1.35059	41
2025.09.11 12:53	1.35059	1.35059	1.35038	1.35047	44
2025.09.11 12:54	1.35049	1.3505	1.35035	1.35047	38
2025.09.11 12:55	1.3504800000000001	1.3504800000000001	1.35034	1.3504399999999999	30
2025.09.11 12:56	1.3504399999999999	1.35046	1.35026	1.35027	33
2025.09.11 12:57	1.35026	1.35032	1.35019	1.35029	33
2025.09.11 12:58	1.35028	1.35032	1.3501400000000001	1.3501699999999999	44
2025.09.11 12:59	1.35016	1.35031	1.35016	1.35031	34
2025.09.11 13:00	1.35031	1.35031	1.35008	1.35011	47
2025.09.11 13:01	1.35009	1.35009	1.34996	1.35002	56
2025.09.11 13:02	1.35001	1.35015	1.35001	1.35005	28
2025.09.11 13:03	1.35005	1.35011	1.35004	1.35009	23
2025.09.11 13:04	1.35009	1.35034	1.35	1.35018	45
2025.09.11 13:05	1.35018	1.35022	1.34997	1.34997	37
2025.09.11 13:06	1.34998	1.35018	1.34996	1.35009	44
2025.09.11 13:07	1.35009	1.3502	1.35007	1.35009	36
2025.09.11 13:08	1.35012	1.35036	1.35011	1.35035	35
2025.09.11 13:09	1.35036	1.35043	1.35027	1.35042	41
2025.09.11 13:10	1.35042	1.35054	1.35038	1.35054	43
2025.09.11 13:11	1.35054	1.35064	1.35052	1.3506	37
2025.09.11 13:12	1.3506	1.35071	1.35057	1.35063	42
2025.09.11 13:13	1.3507	1.35074	1.35063	1.35069	26
2025.09.11 13:14	1.35068	1.35094	1.35068	1.35094	30
2025.09.11 13:15	1.35087	1.35093	1.3506	1.35067	34
2025.09.11 13:16	1.35066	1.3508499999999999	1.35063	1.3508499999999999	29
2025.09.11 13:17	1.3508200000000001	1.3508200000000001	1.35077	1.3508	27
2025.09.11 13:18	1.3508	1.3508499999999999	1.35071	1.3508499999999999	38
2025.09.11 13:19	1.3508499999999999	1.3511	1.35069	1.3507	36
2025.09.11 13:20	1.35071	1.35076	1.3506	1.3507	39
2025.09.11 13:21	1.3507	1.35072	1.3506	1.35066	31
2025.09.11 13:22	1.35067	1.35067	1.3504	1.35046	40
2025.09.11 13:23	1.35047	1.35047	1.35034	1.35034	26
2025.09.11 13:24	1.35031	1.35043	1.3502399999999999	1.35043	29
2025.09.11 13:25	1.35043	1.35063	1.3504	1.35058	45
2025.09.11 13:26	1.35059	1.35059	1.35047	1.35053	25
2025.09.11 13:27	1.35053	1.35058	1.3505	1.35055	19
2025.09.11 13:28	1.35055	1.35059	1.35054	1.35056	19
2025.09.11 13:29	1.35053	1.35054	1.35045	1.35049	31
2025.09.11 13:30	1.35049	1.35061	1.35049	1.35058	18
2025.09.11 13:31	1.35057	1.35073	1.35057	1.35062	43
2025.09.11 13:32	1.35062	1.35071	1.3505	1.3505	34
2025.09.11 13:33	1.35052	1.35072	1.3505	1.35057	39
2025.09.11 13:34	1.35056	1.35074	1.35056	1.35063	45
2025.09.11 13:35	1.35063	1.35081	1.35063	1.35077	43
2025.09.11 13:36	1.3507799999999999	1.35104	1.3507799999999999	1.351	36
2025.09.11 13:37	1.35103	1.35103	1.35069	1.35079	37
2025.09.11 13:38	1.35079	1.35079	1.35057	1.35057	51
2025.09.11 13:39	1.35057	1.3508	1.35056	1.3508	24
2025.09.11 13:40	1.35081	1.35099	1.35081	1.35087	41
2025.09.11 13:41	1.35088	1.35092	1.35071	1.35071	42
2025.09.11 13:42	1.35072	1.35083	1.35064	1.3508200000000001	30
2025.09.11 13:43	1.35081	1.35091	1.35081	1.35087	23
2025.09.11 13:44	1.35086	1.35097	1.35086	1.35096	25
2025.09.11 13:45	1.35096	1.35098	1.3508499999999999	1.3508499999999999	23
2025.09.11 13:46	1.3508499999999999	1.3508499999999999	1.35077	1.35081	25
2025.09.11 13:47	1.35081	1.35083	1.35068	1.35071	27
2025.09.11 13:48	1.35072	1.35081	1.35072	1.35073	30
2025.09.11 13:49	1.35073	1.3509	1.35073	1.35083	37
2025.09.11 13:50	1.35083	1.35093	1.3504800000000001	1.3504800000000001	41
2025.09.11 13:51	1.35049	1.35061	1.35049	1.35058	27
2025.09.11 13:52	1.35058	1.35084	1.35056	1.35064	42
2025.09.11 13:53	1.35064	1.3508	1.3506	1.3507799999999999	39
2025.09.11 13:54	1.3507799999999999	1.35103	1.35076	1.35103	35
2025.09.11 13:55	1.35103	1.3511199999999999	1.35087	1.35095	41
2025.09.11 13:56	1.35094	1.35108	1.3509	1.35098	37
2025.09.11 13:57	1.35097	1.35135	1.35097	1.35135	46
2025.09.11 13:58	1.35129	1.35144	1.3511600000000001	1.35135	44
2025.09.11 13:59	1.35135	1.35159	1.35135	1.35152	32
2025.09.11 14:00	1.35153	1.35163	1.35138	1.35157	49
2025.09.11 14:01	1.35156	1.3518	1.35151	1.35169	44
2025.09.11 14:02	1.35169	1.35175	1.35135	1.35138	39
2025.09.11 14:03	1.35137	1.35158	1.35131	1.35153	37
2025.09.11 14:04	1.35153	1.3517000000000001	1.3515	1.35165	38
2025.09.11 14:05	1.35165	1.35174	1.35165	1.3517299999999999	25
2025.09.11 14:06	1.35172	1.3517299999999999	1.35137	1.3514	24
2025.09.11 14:07	1.35142	1.35154	1.35134	1.35134	31
2025.09.11 14:08	1.35135	1.35151	1.35135	1.35148	21
2025.09.11 14:09	1.35149	1.35157	1.35148	1.3515	33
2025.09.11 14:10	1.35145	1.3518	1.35145	1.3518	37
2025.09.11 14:11	1.35182	1.35182	1.3516599999999999	1.35167	29
2025.09.11 14:12	1.35165	1.35175	1.35155	1.35167	42
2025.09.11 14:13	1.35168	1.35169	1.3515	1.35158	45
2025.09.11 14:14	1.35157	1.35162	1.35147	1.35153	33
2025.09.11 14:15	1.35153	1.35171	1.35151	1.35162	38
2025.09.11 14:16	1.3517299999999999	1.35175	1.35167	1.35174	26
2025.09.11 14:17	1.35174	1.35176	1.35168	1.35174	19
2025.09.11 14:18	1.35175	1.35191	1.35175	1.35179	36
2025.09.11 14:19	1.35179	1.35186	1.35167	1.35175	31
2025.09.11 14:20	1.35175	1.35183	1.35169	1.35181	41
2025.09.11 14:21	1.35182	1.35194	1.3518	1.35187	29
2025.09.11 14:22	1.35186	1.35186	1.35171	1.35174	31
2025.09.11 14:23	1.35175	1.35175	1.35149	1.35169	29
2025.09.11 14:24	1.35172	1.35172	1.35151	1.35154	29
2025.09.11 14:25	1.35154	1.35171	1.35149	1.3517000000000001	28
2025.09.11 14:26	1.3517000000000001	1.35181	1.35165	1.35178	42
2025.09.11 14:27	1.35178	1.35185	1.35164	1.35165	38
2025.09.11 14:28	1.35167	1.3517299999999999	1.3516599999999999	1.3517000000000001	38
2025.09.11 14:29	1.3517000000000001	1.3517299999999999	1.35162	1.35163	32
2025.09.11 14:30	1.35163	1.35189	1.35163	1.35189	30
2025.09.11 14:31	1.35188	1.35192	1.35174	1.3518	42
2025.09.11 14:32	1.35179	1.3519700000000001	1.35175	1.3519	43
2025.09.11 14:33	1.35189	1.35205	1.35189	1.35192	33
2025.09.11 14:34	1.3519	1.35194	1.35186	1.35191	34
2025.09.11 14:35	1.3519	1.35191	1.35178	1.3518	34
2025.09.11 14:36	1.35183	1.3519700000000001	1.35183	1.35189	33
2025.09.11 14:37	1.3519	1.35195	1.35184	1.35185	22
2025.09.11 14:38	1.35185	1.35187	1.35149	1.35157	53
2025.09.11 14:39	1.35156	1.3517299999999999	1.35155	1.3517299999999999	27
2025.09.11 14:40	1.35174	1.35189	1.3517299999999999	1.35189	17
2025.09.11 14:41	1.35188	1.35189	1.3518	1.35187	30
2025.09.11 14:42	1.35186	1.3519	1.35161	1.35165	37
2025.09.11 14:43	1.35162	1.3516599999999999	1.35156	1.35165	40
2025.09.11 14:44	1.35175	1.35181	1.35161	1.35161	44
2025.09.11 14:45	1.35161	1.35175	1.35155	1.35169	41
2025.09.11 14:46	1.35168	1.3517700000000001	1.35168	1.3517700000000001	22
2025.09.11 14:47	1.3517700000000001	1.3519999999999999	1.3517700000000001	1.35187	42
2025.09.11 14:48	1.35187	1.35201	1.35186	1.35194	29
2025.09.11 14:49	1.35192	1.3521	1.35186	1.35196	44
2025.09.11 14:50	1.35196	1.3519999999999999	1.35182	1.35182	42
2025.09.11 14:51	1.35183	1.35203	1.35181	1.3519999999999999	39
2025.09.11 14:52	1.35201	1.3523	1.35198	1.35216	51
2025.09.11 14:53	1.35215	1.35217	1.35202	1.35208	52
2025.09.11 14:54	1.35209	1.3522	1.35192	1.35203	44
2025.09.11 14:55	1.35202	1.35203	1.35131	1.35148	95
2025.09.11 14:56	1.35148	1.3515	1.35086	1.35097	96
2025.09.11 14:57	1.35096	1.35123	1.35073	1.351	98
2025.09.11 14:58	1.35102	1.35125	1.35062	1.35083	83
2025.09.11 14:59	1.3508499999999999	1.35106	1.35069	1.35069	78
2025.09.11 15:00	1.35071	1.35126	1.35066	1.35095	89
2025.09.11 15:01	1.35095	1.35115	1.35094	1.35104	48
2025.09.11 15:02	1.3510499999999999	1.35131	1.3510499999999999	1.35114	42
2025.09.11 15:03	1.35114	1.35122	1.35094	1.35113	47
2025.09.11 15:04	1.35121	1.35125	1.35098	1.35102	42
2025.09.11 15:05	1.35111	1.3512	1.35103	1.3511	38
2025.09.11 15:06	1.35107	1.35151	1.35107	1.35151	29
2025.09.11 15:07	1.35148	1.35153	1.3513600000000001	1.35147	46
2025.09.11 15:08	1.3514599999999999	1.3517000000000001	1.3514599999999999	1.35163	56
2025.09.11 15:09	1.35162	1.35163	1.35126	1.35126	46
2025.09.11 15:10	1.35127	1.35134	1.35122	1.35128	52
2025.09.11 15:11	1.35128	1.3515	1.35127	1.35137	46
2025.09.11 15:12	1.35138	1.3514599999999999	1.35134	1.35145	27
2025.09.11 15:13	1.3514599999999999	1.35149	1.35134	1.35134	30
2025.09.11 15:14	1.35133	1.35147	1.35122	1.35128	87
2025.09.11 15:15	1.35128	1.3516	1.351	1.351	88
2025.09.11 15:16	1.35101	1.35111	1.35055	1.35084	110
2025.09.11 15:17	1.3507799999999999	1.3511	1.35077	1.35103	82
2025.09.11 15:18	1.35103	1.35127	1.35088	1.35127	95
2025.09.11 15:19	1.35126	1.35135	1.3511600000000001	1.35122	61
2025.09.11 15:20	1.35119	1.3513	1.351	1.3513	75
2025.09.11 15:21	1.3513	1.35154	1.35121	1.35132	64
2025.09.11 15:22	1.35133	1.35172	1.35133	1.35155	48
2025.09.11 15:23	1.35154	1.35179	1.35138	1.35168	65
2025.09.11 15:24	1.35168	1.3519	1.35161	1.35174	74
2025.09.11 15:25	1.35175	1.35185	1.35147	1.35148	80
2025.09.11 15:26	1.35148	1.35182	1.35137	1.35179	44
2025.09.11 15:27	1.35179	1.3519999999999999	1.3517299999999999	1.35195	60
2025.09.11 15:28	1.35196	1.35222	1.35182	1.3519700000000001	74
2025.09.11 15:29	1.35202	1.35218	1.35198	1.3521	85
2025.09.11 15:30	1.3521	1.35405	1.34938	1.35394	245
2025.09.11 15:31	1.35391	1.3541	1.3535300000000001	1.35402	179
2025.09.11 15:32	1.35403	1.35458	1.3536299999999999	1.35394	185
2025.09.11 15:33	1.35399	1.35433	1.35372	1.3538299999999999	181
2025.09.11 15:34	1.3538700000000001	1.35454	1.3538700000000001	1.35431	159
2025.09.11 15:35	1.35433	1.35476	1.35426	1.3547	151
2025.09.11 15:36	1.35471	1.3548200000000001	1.3545099999999999	1.35461	115
2025.09.11 15:37	1.35463	1.35487	1.35434	1.35435	120
2025.09.11 15:38	1.35436	1.35443	1.35407	1.35408	136
2025.09.11 15:39	1.35406	1.35408	1.35362	1.35396	127
2025.09.11 15:40	1.35396	1.35396	1.35357	1.35377	120
2025.09.11 15:41	1.35378	1.35413	1.35378	1.35384	128
2025.09.11 15:42	1.35385	1.354	1.35344	1.35344	107
2025.09.11 15:43	1.35344	1.35344	1.35276	1.35281	116
2025.09.11 15:44	1.35281	1.35347	1.35274	1.35347	120
2025.09.11 15:45	1.35346	1.35379	1.35335	1.35338	128
2025.09.11 15:46	1.35339	1.35342	1.35271	1.35283	92
2025.09.11 15:47	1.35272	1.35278	1.35221	1.35257	98
2025.09.11 15:48	1.35259	1.35269	1.35229	1.3523100000000001	80
2025.09.11 15:49	1.35229	1.35283	1.35213	1.35273	98
2025.09.11 15:50	1.35274	1.35294	1.35259	1.35259	95
2025.09.11 15:51	1.35262	1.35271	1.35228	1.35256	100
2025.09.11 15:52	1.3526	1.35339	1.35248	1.35318	92
2025.09.11 15:53	1.35317	1.35334	1.35269	1.35283	117
2025.09.11 15:54	1.35284	1.35332	1.35282	1.3533	87
2025.09.11 15:55	1.3532899999999999	1.35374	1.35313	1.35365	106
2025.09.11 15:56	1.35366	1.35411	1.35344	1.3541	125
2025.09.11 15:57	1.35411	1.3545	1.35402	1.35404	113
2025.09.11 15:58	1.35403	1.35409	1.3536000000000001	1.35375	115
2025.09.11 15:59	1.35376	1.35452	1.35376	1.35452	83
2025.09.11 16:00	1.35446	1.35499	1.3544399999999999	1.35483	105
2025.09.11 16:01	1.3548200000000001	1.35517	1.35474	1.35506	100
2025.09.11 16:02	1.35497	1.35564	1.35497	1.35521	126
2025.09.11 16:03	1.35522	1.35591	1.3551	1.35576	135
2025.09.11 16:04	1.35577	1.3560400000000001	1.35549	1.35549	128
2025.09.11 16:05	1.3555	1.35602	1.3554300000000001	1.35596	114
2025.09.11 16:06	1.35601	1.35617	1.35557	1.35579	99
2025.09.11 16:07	1.35582	1.35601	1.35554	1.35565	98
2025.09.11 16:08	1.3556599999999999	1.3560400000000001	1.35555	1.35565	98
2025.09.11 16:09	1.35567	1.35601	1.35556	1.35579	105
2025.09.11 16:10	1.35577	1.35584	1.35548	1.35558	97
2025.09.11 16:11	1.35557	1.3557000000000001	1.35537	1.35552	83
2025.09.11 16:12	1.35553	1.35564	1.35519	1.35534	101
2025.09.11 16:13	1.35533	1.3554	1.3550499999999999	1.35524	64
2025.09.11 16:14	1.35526	1.35547	1.35492	1.35547	83
2025.09.11 16:15	1.3554599999999999	1.35552	1.35499	1.3550900000000001	83
2025.09.11 16:16	1.3551	1.35514	1.35477	1.3551199999999999	69
2025.09.11 16:17	1.3550200000000001	1.35508	1.35442	1.35461	86
2025.09.11 16:18	1.3546	1.35481	1.3546	1.35469	71
2025.09.11 16:19	1.35468	1.35484	1.35458	1.35471	74
2025.09.11 16:20	1.35472	1.35481	1.35423	1.35427	91
2025.09.11 16:21	1.3543	1.3545	1.35401	1.35446	72
2025.09.11 16:22	1.3544800000000001	1.3547	1.35426	1.35467	69
2025.09.11 16:23	1.35468	1.3549	1.35462	1.35474	79
2025.09.11 16:24	1.3547500000000001	1.35484	1.3545	1.3545	68
2025.09.11 16:25	1.3545	1.3546	1.35402	1.35404	63
2025.09.11 16:26	1.35409	1.35436	1.35394	1.35426	63
2025.09.11 16:27	1.35425	1.35437	1.35407	1.3541699999999999	73
2025.09.11 16:28	1.3541699999999999	1.3544399999999999	1.35398	1.35434	72
2025.09.11 16:29	1.35429	1.35443	1.35416	1.3544100000000001	66
2025.09.11 16:30	1.3544100000000001	1.35446	1.35418	1.35446	102
2025.09.11 16:31	1.35445	1.35472	1.35433	1.35469	105
2025.09.11 16:32	1.3547	1.3548	1.3544100000000001	1.3544100000000001	87
2025.09.11 16:33	1.35442	1.35447	1.35397	1.35431	89
2025.09.11 16:34	1.35432	1.35458	1.35422	1.35458	91
2025.09.11 16:35	1.35455	1.35456	1.35434	1.35439	110
2025.09.11 16:36	1.35438	1.3544100000000001	1.35406	1.35435	86
2025.09.11 16:37	1.35443	1.35472	1.35402	1.35406	74
2025.09.11 16:38	1.35405	1.35442	1.35405	1.3544100000000001	77
2025.09.11 16:39	1.3544100000000001	1.35462	1.35435	1.35453	69
2025.09.11 16:40	1.35454	1.35476	1.35446	1.35471	57
2025.09.11 16:41	1.35471	1.35522	1.3547	1.35511	85
2025.09.11 16:42	1.35514	1.35553	1.35514	1.35542	92
2025.09.11 16:43	1.35541	1.35552	1.3550900000000001	1.35527	78
2025.09.11 16:44	1.35526	1.35532	1.35487	1.35488	64
2025.09.11 16:45	1.35487	1.35491	1.3545099999999999	1.35464	80
2025.09.11 16:46	1.35465	1.35479	1.3544399999999999	1.35471	90
2025.09.11 16:47	1.35472	1.3547500000000001	1.35435	1.35472	74
2025.09.11 16:48	1.3547500000000001	1.35491	1.3545099999999999	1.35491	65
2025.09.11 16:49	1.35492	1.35495	1.35454	1.35456	75
2025.09.11 16:50	1.35456	1.35486	1.35456	1.35469	75
2025.09.11 16:51	1.35471	1.35488	1.35463	1.35486	78
2025.09.11 16:52	1.35487	1.35511	1.35486	1.35491	61
2025.09.11 16:53	1.35495	1.3552	1.35486	1.35493	72
2025.09.11 16:54	1.35493	1.3551	1.35466	1.35481	60
2025.09.11 16:55	1.3547799999999999	1.35496	1.35476	1.3549	58
2025.09.11 16:56	1.3549	1.35541	1.3549	1.35535	78
2025.09.11 16:57	1.35534	1.35555	1.3553	1.3554599999999999	77
2025.09.11 16:58	1.3554599999999999	1.35554	1.35534	1.35534	45
2025.09.11 16:59	1.35535	1.3554	1.35521	1.35526	48
2025.09.11 17:00	1.35522	1.35533	1.35498	1.35518	71
2025.09.11 17:01	1.35524	1.35552	1.35522	1.35527	72
2025.09.11 17:02	1.35526	1.3555	1.35525	1.3554300000000001	69
2025.09.11 17:03	1.35545	1.35565	1.35542	1.35561	77
2025.09.11 17:04	1.35561	1.35569	1.35554	1.3556	64
2025.09.11 17:05	1.35561	1.3557299999999999	1.35541	1.3556	82
2025.09.11 17:06	1.35562	1.35603	1.3556	1.35602	48
2025.09.11 17:07	1.35603	1.35619	1.35576	1.35577	61
2025.09.11 17:08	1.35578	1.35613	1.3557000000000001	1.35599	71
2025.09.11 17:09	1.35599	1.35609	1.3556300000000001	1.3557299999999999	86
2025.09.11 17:10	1.35572	1.35582	1.35567	1.3557299999999999	62
2025.09.11 17:11	1.35576	1.35576	1.35538	1.35544	63
2025.09.11 17:12	1.35547	1.35557	1.35542	1.35557	65
2025.09.11 17:13	1.35558	1.35606	1.35558	1.35588	69
2025.09.11 17:14	1.35589	1.35601	1.35585	1.35598	47
2025.09.11 17:15	1.35599	1.35615	1.35586	1.3559	62
2025.09.11 17:16	1.35592	1.3563	1.3559	1.35619	74
2025.09.11 17:17	1.3562	1.35657	1.35612	1.35654	68
2025.09.11 17:18	1.35655	1.3566799999999999	1.35639	1.35652	90
2025.09.11 17:19	1.35651	1.35651	1.3562699999999999	1.3565	77
2025.09.11 17:20	1.35651	1.35651	1.35625	1.35644	81
2025.09.11 17:21	1.35644	1.35652	1.35639	1.35644	47
2025.09.11 17:22	1.35644	1.35648	1.35638	1.35644	53
2025.09.11 17:23	1.35643	1.35653	1.35635	1.35635	56
2025.09.11 17:24	1.35636	1.35637	1.35591	1.35618	71
2025.09.11 17:25	1.35618	1.3563100000000001	1.3558	1.35582	76
2025.09.11 17:26	1.35584	1.35605	1.35581	1.35586	66
2025.09.11 17:27	1.35587	1.35612	1.35578	1.35606	75
2025.09.11 17:28	1.35606	1.35606	1.3556599999999999	1.35568	68
2025.09.11 17:29	1.35569	1.35592	1.35569	1.35591	79
2025.09.11 17:30	1.35589	1.35593	1.35561	1.35574	78
2025.09.11 17:31	1.35574	1.35602	1.35572	1.3559700000000001	80
2025.09.11 17:32	1.3559700000000001	1.35635	1.35596	1.3562699999999999	87
2025.09.11 17:33	1.3562699999999999	1.3563	1.35612	1.35618	59
2025.09.11 17:34	1.35615	1.3563399999999999	1.3560699999999999	1.3560699999999999	63
2025.09.11 17:35	1.35608	1.3564	1.35608	1.35613	55
2025.09.11 17:36	1.35616	1.35633	1.35616	1.3563	55
2025.09.11 17:37	1.3563100000000001	1.3563399999999999	1.35601	1.35625	54
2025.09.11 17:38	1.35626	1.3562699999999999	1.35592	1.3561	64
2025.09.11 17:39	1.35609	1.3563	1.35609	1.35617	57
2025.09.11 17:40	1.35618	1.3562699999999999	1.35614	1.3562400000000001	63
2025.09.11 17:41	1.35623	1.3564	1.35616	1.3564	50
2025.09.11 17:42	1.35641	1.35656	1.3563399999999999	1.35637	60
2025.09.11 17:43	1.35638	1.35638	1.35615	1.35615	53
2025.09.11 17:44	1.35609	1.35645	1.3560400000000001	1.35633	65
2025.09.11 17:45	1.35633	1.35654	1.35623	1.35625	68
2025.09.11 17:46	1.35628	1.35648	1.3562	1.35637	51
2025.09.11 17:47	1.35636	1.35639	1.35619	1.35635	50
2025.09.11 17:48	1.3563399999999999	1.35648	1.3563100000000001	1.35635	53
2025.09.11 17:49	1.3563399999999999	1.35647	1.35629	1.3563100000000001	49
2025.09.11 17:50	1.35632	1.35655	1.35632	1.35646	65
2025.09.11 17:51	1.35646	1.35646	1.35585	1.3559	57
2025.09.11 17:52	1.35591	1.35602	1.35581	1.35587	49
2025.09.11 17:53	1.35587	1.35587	1.35548	1.35561	63
2025.09.11 17:54	1.3556300000000001	1.35564	1.3553899999999999	1.35541	48
2025.09.11 17:55	1.3554	1.35577	1.35528	1.35577	67
2025.09.11 17:56	1.35576	1.35592	1.35568	1.35579	55
2025.09.11 17:57	1.3558	1.3558	1.35559	1.35572	60
2025.09.11 17:58	1.35572	1.35603	1.35571	1.3558	56
2025.09.11 17:59	1.3558	1.35586	1.35569	1.3557000000000001	48
2025.09.11 18:00	1.3557000000000001	1.35581	1.35567	1.35578	62
2025.09.11 18:01	1.35578	1.35587	1.35574	1.35577	41
2025.09.11 18:02	1.35577	1.35583	1.35558	1.35559	51
2025.09.11 18:03	1.3556	1.35584	1.3556	1.35572	53
2025.09.11 18:04	1.35571	1.3557299999999999	1.35523	1.35531	56
2025.09.11 18:05	1.35537	1.35565	1.35537	1.35564	79
2025.09.11 18:06	1.35565	1.35569	1.35549	1.35567	48
2025.09.11 18:07	1.3556599999999999	1.35588	1.3556300000000001	1.35581	58
2025.09.11 18:08	1.35581	1.3560400000000001	1.3557000000000001	1.35583	65
2025.09.11 18:09	1.35584	1.3559999999999999	1.35578	1.35594	53
2025.09.11 18:10	1.35595	1.35633	1.35595	1.35623	73
2025.09.11 18:11	1.35622	1.35622	1.35599	1.3559999999999999	52
2025.09.11 18:12	1.35601	1.3563399999999999	1.35596	1.35618	62
2025.09.11 18:13	1.35617	1.35638	1.35616	1.35632	52
2025.09.11 18:14	1.35632	1.35674	1.3563100000000001	1.35666	53
2025.09.11 18:15	1.35667	1.35683	1.35667	1.35677	52
2025.09.11 18:16	1.35676	1.35676	1.35656	1.35667	82
2025.09.11 18:17	1.35673	1.35686	1.35663	1.35686	54
2025.09.11 18:18	1.35687	1.35732	1.35687	1.35724	56
2025.09.11 18:19	1.35725	1.35739	1.35715	1.35731	64
2025.09.11 18:20	1.35733	1.35742	1.3572199999999999	1.35734	55
2025.09.11 18:21	1.3574	1.35773	1.35739	1.35766	67
2025.09.11 18:22	1.35767	1.35782	1.35754	1.3575599999999999	85
2025.09.11 18:23	1.3575599999999999	1.35781	1.35746	1.35777	64
2025.09.11 18:24	1.35775	1.3578000000000001	1.35766	1.35771	53
2025.09.11 18:25	1.35772	1.3578999999999999	1.35765	1.35779	61
2025.09.11 18:26	1.35779	1.3578700000000001	1.35757	1.35758	52
2025.09.11 18:27	1.35759	1.3577	1.3575599999999999	1.3575599999999999	39
2025.09.11 18:28	1.3575599999999999	1.35761	1.35733	1.35733	53
2025.09.11 18:29	1.35732	1.35744	1.3572199999999999	1.35734	53
2025.09.11 18:30	1.35728	1.35743	1.35708	1.35736	57
2025.09.11 18:31	1.35728	1.35738	1.35716	1.3572899999999999	48
2025.09.11 18:32	1.35732	1.35736	1.3572600000000001	1.35736	38
2025.09.11 18:33	1.35737	1.3574899999999999	1.3572600000000001	1.35748	30
2025.09.11 18:34	1.3575	1.3575	1.35725	1.3572600000000001	53
2025.09.11 18:35	1.35725	1.35732	1.35713	1.35713	34
2025.09.11 18:36	1.35714	1.35721	1.35669	1.35669	42
2025.09.11 18:37	1.3567	1.35676	1.35644	1.35655	57
2025.09.11 18:38	1.35653	1.35662	1.3565	1.3565800000000001	51
2025.09.11 18:39	1.35662	1.35674	1.3565	1.35671	42
2025.09.11 18:40	1.35672	1.35705	1.35663	1.35705	47
2025.09.11 18:41	1.35704	1.35716	1.35696	1.35716	42
2025.09.11 18:42	1.35715	1.35716	1.35703	1.35712	42
2025.09.11 18:43	1.35711	1.35714	1.35705	1.35705	43
2025.09.11 18:44	1.35705	1.35706	1.35684	1.3569	38
2025.09.11 18:45	1.3569	1.35697	1.3567	1.3569499999999999	63
2025.09.11 18:46	1.35694	1.35703	1.35691	1.35699	35
2025.09.11 18:47	1.35698	1.35699	1.35678	1.35678	49
2025.09.11 18:48	1.3568	1.35684	1.35675	1.35678	44
2025.09.11 18:49	1.35675	1.35675	1.35648	1.3567	46
2025.09.11 18:50	1.35671	1.35681	1.35655	1.3565800000000001	49
2025.09.11 18:51	1.3566099999999999	1.35669	1.35657	1.35664	44
2025.09.11 18:52	1.35663	1.3566500000000001	1.35648	1.35649	30
2025.09.11 18:53	1.35649	1.3566	1.35648	1.35659	39
2025.09.11 18:54	1.3566	1.35664	1.3565	1.35659	45
2025.09.11 18:55	1.3566	1.3567	1.35657	1.35657	44
2025.09.11 18:56	1.35656	1.35681	1.35646	1.35646	38
2025.09.11 18:57	1.35648	1.3566099999999999	1.35646	1.3565800000000001	26
2025.09.11 18:58	1.3565800000000001	1.3566799999999999	1.35655	1.35662	45
2025.09.11 18:59	1.35664	1.35664	1.35649	1.35655	34
2025.09.11 19:00	1.35655	1.35663	1.35654	1.35663	37
2025.09.11 19:01	1.35662	1.35689	1.35655	1.35689	47
2025.09.11 19:02	1.3569	1.35714	1.3568500000000001	1.35712	51
2025.09.11 19:03	1.35712	1.3574	1.35712	1.3572199999999999	77
2025.09.11 19:04	1.3572899999999999	1.3574	1.35723	1.35733	58
2025.09.11 19:05	1.35732	1.35748	1.3573	1.35739	64
2025.09.11 19:06	1.35738	1.35741	1.35718	1.35725	51
2025.09.11 19:07	1.3572600000000001	1.35732	1.35721	1.3572600000000001	24
2025.09.11 19:08	1.35725	1.35757	1.35725	1.3575599999999999	36
2025.09.11 19:09	1.35757	1.35768	1.35751	1.35755	49
2025.09.11 19:10	1.35755	1.35763	1.35747	1.35748	39
2025.09.11 19:11	1.35747	1.35767	1.35747	1.35766	35
2025.09.11 19:12	1.35768	1.35773	1.3575599999999999	1.35764	38
2025.09.11 19:13	1.35765	1.35768	1.35759	1.35765	37
2025.09.11 19:14	1.35765	1.35768	1.3575300000000001	1.35759	35
2025.09.11 19:15	1.35761	1.3578299999999999	1.35758	1.35768	41
2025.09.11 19:16	1.35768	1.35774	1.35764	1.35774	21
2025.09.11 19:17	1.35773	1.35774	1.35769	1.3577	11
2025.09.11 19:18	1.3577	1.35784	1.3577	1.35782	35
2025.09.11 19:19	1.3578299999999999	1.35791	1.35779	1.35791	21
2025.09.11 19:20	1.3578999999999999	1.3578999999999999	1.35769	1.35784	31
2025.09.11 19:21	1.35782	1.35791	1.35773	1.3578999999999999	24
2025.09.11 19:22	1.35791	1.35791	1.35767	1.35769	27
2025.09.11 19:23	1.35769	1.35785	1.35768	1.35779	33
2025.09.11 19:24	1.35778	1.35782	1.35773	1.35779	42
2025.09.11 19:25	1.3578000000000001	1.35782	1.35769	1.35774	47
2025.09.11 19:26	1.35774	1.35778	1.35765	1.35774	46
2025.09.11 19:27	1.35773	1.35776	1.3577	1.35776	24
2025.09.11 19:28	1.35776	1.35777	1.35771	1.35771	13
2025.09.11 19:29	1.3577	1.35772	1.35764	1.35765	37
2025.09.11 19:30	1.35765	1.35778	1.35755	1.35765	38
2025.09.11 19:31	1.35766	1.35768	1.3575300000000001	1.35754	25
2025.09.11 19:32	1.35754	1.35769	1.3575300000000001	1.35763	31
2025.09.11 19:33	1.35762	1.35765	1.3575300000000001	1.35759	32
2025.09.11 19:34	1.3576	1.35765	1.3575300000000001	1.35762	34
2025.09.11 19:35	1.35762	1.35785	1.35758	1.35782	28
2025.09.11 19:36	1.3578299999999999	1.3578299999999999	1.35766	1.35773	11
2025.09.11 19:37	1.35778	1.35779	1.3576	1.35767	46
2025.09.11 19:38	1.35768	1.35781	1.35759	1.35769	45
2025.09.11 19:39	1.35769	1.35782	1.35761	1.35764	36
2025.09.11 19:40	1.35763	1.35776	1.35754	1.35766	42
2025.09.11 19:41	1.35767	1.35772	1.3575300000000001	1.35755	32
2025.09.11 19:42	1.3575599999999999	1.35769	1.35752	1.35766	34
2025.09.11 19:43	1.35767	1.35768	1.35757	1.35759	27
2025.09.11 19:44	1.35758	1.35768	1.3575599999999999	1.35761	32
2025.09.11 19:45	1.35761	1.35771	1.35757	1.35771	27
2025.09.11 19:46	1.35772	1.35775	1.35755	1.3575599999999999	32
2025.09.11 19:47	1.35757	1.35763	1.3575599999999999	1.35763	18
2025.09.11 19:48	1.3576	1.35764	1.3575599999999999	1.35758	19
2025.09.11 19:49	1.3575599999999999	1.35762	1.3575599999999999	1.35759	12
2025.09.11 19:50	1.35759	1.35763	1.35754	1.35762	33
2025.09.11 19:51	1.35763	1.35764	1.3575300000000001	1.35761	33
2025.09.11 19:52	1.35762	1.35763	1.3575599999999999	1.3575599999999999	40
2025.09.11 19:53	1.35758	1.35759	1.35755	1.35755	27
2025.09.11 19:54	1.35755	1.35763	1.35755	1.35762	27
2025.09.11 19:55	1.35761	1.3578299999999999	1.35761	1.35775	34
2025.09.11 19:56	1.35774	1.35775	1.35764	1.35766	27
2025.09.11 19:57	1.35765	1.35789	1.35764	1.35786	35
2025.09.11 19:58	1.3578299999999999	1.35786	1.35772	1.35774	39
2025.09.11 19:59	1.35775	1.35777	1.35767	1.35775	32
2025.09.11 20:00	1.35776	1.35782	1.35771	1.35776	38
2025.09.11 20:01	1.35777	1.35779	1.35775	1.35776	15
2025.09.11 20:02	1.35776	1.3578299999999999	1.35766	1.35768	67
2025.09.11 20:03	1.35769	1.35774	1.3576	1.35769	44
2025.09.11 20:04	1.35769	1.35786	1.35764	1.35784	22
2025.09.11 20:05	1.35785	1.35797	1.35785	1.3578700000000001	31
2025.09.11 20:06	1.3578700000000001	1.35796	1.35762	1.35765	30
2025.09.11 20:07	1.35764	1.35769	1.35763	1.35766	18
2025.09.11 20:08	1.35766	1.35769	1.35765	1.35768	25
2025.09.11 20:09	1.35766	1.35782	1.35766	1.35778	20
2025.09.11 20:10	1.35779	1.3578999999999999	1.35775	1.35785	30
2025.09.11 20:11	1.35785	1.35801	1.35785	1.35786	30
2025.09.11 20:12	1.35785	1.35798	1.35776	1.35776	33
2025.09.11 20:13	1.35775	1.35777	1.35768	1.35776	31
2025.09.11 20:14	1.35778	1.3578299999999999	1.35775	1.3578000000000001	37
2025.09.11 20:15	1.35779	1.35789	1.35779	1.3578000000000001	27
2025.09.11 20:16	1.3578000000000001	1.35792	1.3578000000000001	1.35786	38
2025.09.11 20:17	1.35785	1.35788	1.35779	1.35779	22
2025.09.11 20:18	1.3578000000000001	1.35792	1.3578000000000001	1.35789	27
2025.09.11 20:19	1.3578999999999999	1.35807	1.3578999999999999	1.35804	28
2025.09.11 20:20	1.35805	1.35811	1.35797	1.35799	37
2025.09.11 20:21	1.35799	1.35803	1.35794	1.35801	30
2025.09.11 20:22	1.35798	1.35805	1.35794	1.35797	14
2025.09.11 20:23	1.35798	1.3581400000000001	1.35798	1.35804	31
2025.09.11 20:24	1.35805	1.3583	1.35805	1.35819	38
2025.09.11 20:25	1.35818	1.35823	1.35808	1.35815	39
2025.09.11 20:26	1.35815	1.35816	1.35794	1.35796	47
2025.09.11 20:27	1.35797	1.35798	1.35764	1.35764	33
2025.09.11 20:28	1.35765	1.35773	1.35763	1.35764	25
2025.09.11 20:29	1.35763	1.35775	1.35762	1.35767	37
2025.09.11 20:30	1.35766	1.35782	1.35763	1.35774	29
2025.09.11 20:31	1.35774	1.35786	1.3577	1.3578299999999999	20
2025.09.11 20:32	1.3578299999999999	1.3578700000000001	1.35775	1.35785	40
2025.09.11 20:33	1.3578700000000001	1.35798	1.35785	1.35792	31
2025.09.11 20:34	1.35793	1.35798	1.35777	1.35781	31
2025.09.11 20:35	1.35782	1.35782	1.35761	1.35761	27
2025.09.11 20:36	1.35761	1.35761	1.35745	1.35745	36
2025.09.11 20:37	1.35746	1.35765	1.35739	1.35765	40
2025.09.11 20:38	1.35763	1.35766	1.35752	1.35758	31
2025.09.11 20:39	1.35757	1.35757	1.35741	1.35744	37
2025.09.11 20:40	1.35744	1.35761	1.35744	1.35761	33
2025.09.11 20:41	1.35754	1.35757	1.35737	1.35741	42
2025.09.11 20:42	1.3574	1.35748	1.35735	1.35737	27
2025.09.11 20:43	1.35736	1.3575	1.3572600000000001	1.35728	34
2025.09.11 20:44	1.3573	1.35737	1.35721	1.35727	47
2025.09.11 20:45	1.35727	1.35735	1.35716	1.3572199999999999	60
2025.09.11 20:46	1.35723	1.35725	1.35715	1.3572199999999999	32
2025.09.11 20:47	1.3572199999999999	1.35731	1.3571	1.35716	34
2025.09.11 20:48	1.35715	1.35715	1.35683	1.35696	58
2025.09.11 20:49	1.3569499999999999	1.35697	1.35687	1.35691	56
2025.09.11 20:50	1.35691	1.35709	1.35686	1.35709	44
2025.09.11 20:51	1.35709	1.35709	1.35684	1.35691	33
2025.09.11 20:52	1.3569	1.3572600000000001	1.3569	1.35723	29
2025.09.11 20:53	1.3572199999999999	1.35724	1.3572	1.35721	20
2025.09.11 20:54	1.3572	1.35724	1.35711	1.35721	29
2025.09.11 20:55	1.35721	1.35732	1.3571900000000001	1.3571900000000001	25
2025.09.11 20:56	1.3571900000000001	1.35721	1.35715	1.3572	25
2025.09.11 20:57	1.3572	1.3572	1.35707	1.35707	15
2025.09.11 20:58	1.35705	1.35715	1.35703	1.3571	33
2025.09.11 20:59	1.35711	1.35713	1.35702	1.35709	25
2025.09.11 21:00	1.3571	1.35712	1.3569499999999999	1.3569499999999999	27
2025.09.11 21:01	1.35701	1.35708	1.3569499999999999	1.35707	22
2025.09.11 21:02	1.35708	1.3572600000000001	1.35706	1.3572199999999999	39
2025.09.11 21:03	1.35723	1.35728	1.3571900000000001	1.3572600000000001	33
2025.09.11 21:04	1.35727	1.35728	1.3572199999999999	1.3572199999999999	27
2025.09.11 21:05	1.35723	1.35741	1.3571900000000001	1.35734	29
2025.09.11 21:06	1.35737	1.35748	1.35732	1.35748	34
2025.09.11 21:07	1.35747	1.35747	1.3571900000000001	1.35727	35
2025.09.11 21:08	1.35728	1.35734	1.35725	1.35728	21
2025.09.11 21:09	1.35728	1.35734	1.35725	1.35733	33
2025.09.11 21:10	1.35731	1.3574899999999999	1.35727	1.3574899999999999	24
2025.09.11 21:11	1.35748	1.3575	1.35738	1.35744	21
2025.09.11 21:12	1.35747	1.35747	1.35731	1.35732	23
2025.09.11 21:13	1.3573	1.35747	1.35728	1.35747	23
2025.09.11 21:14	1.35746	1.35748	1.3574	1.35744	35
2025.09.11 21:15	1.35743	1.3575	1.35737	1.35737	23
2025.09.11 21:16	1.35737	1.3575	1.35736	1.35744	31
2025.09.11 21:17	1.35744	1.35747	1.35738	1.35745	31
2025.09.11 21:18	1.35746	1.35748	1.35734	1.35748	28
2025.09.11 21:19	1.35748	1.35751	1.35731	1.35734	35
2025.09.11 21:20	1.35735	1.35736	1.3572899999999999	1.35733	26
2025.09.11 21:21	1.35732	1.35741	1.3572899999999999	1.35741	26
2025.09.11 21:22	1.35741	1.35743	1.35737	1.35739	16
2025.09.11 21:23	1.35732	1.35746	1.35732	1.35743	31
2025.09.11 21:24	1.35743	1.35745	1.35739	1.35743	31
2025.09.11 21:25	1.35747	1.35761	1.35747	1.35747	38
2025.09.11 21:26	1.35746	1.3574899999999999	1.35737	1.35744	32
2025.09.11 21:27	1.35745	1.3575300000000001	1.35743	1.3575300000000001	23
2025.09.11 21:28	1.35751	1.3575300000000001	1.3574899999999999	1.35751	18
2025.09.11 21:29	1.35752	1.35758	1.35745	1.35745	27
2025.09.11 21:30	1.3575	1.3575599999999999	1.35747	1.3575	29
2025.09.11 21:31	1.3575	1.35751	1.35743	1.35746	34
2025.09.11 21:32	1.35746	1.35748	1.35744	1.35744	32
2025.09.11 21:33	1.35746	1.3576	1.35744	1.35759	24
2025.09.11 21:34	1.35761	1.35762	1.35751	1.3575300000000001	29
2025.09.11 21:35	1.3575300000000001	1.3575300000000001	1.35734	1.35738	27
2025.09.11 21:36	1.35739	1.35745	1.35735	1.35745	25
2025.09.11 21:37	1.35744	1.35746	1.3573	1.35731	22
2025.09.11 21:38	1.3573	1.35739	1.35723	1.35739	30
2025.09.11 21:39	1.35738	1.35746	1.35733	1.35745	27
2025.09.11 21:40	1.35745	1.35761	1.35745	1.3576	25
2025.09.11 21:41	1.3576	1.35764	1.35757	1.35764	10
2025.09.11 21:42	1.35767	1.35774	1.35762	1.35771	29
2025.09.11 21:43	1.3577	1.35771	1.35758	1.35764	31
2025.09.11 21:44	1.35765	1.35766	1.35748	1.35754	36
2025.09.11 21:45	1.35754	1.35761	1.3575300000000001	1.35761	23
2025.09.11 21:46	1.35761	1.35765	1.3576	1.35765	19
2025.09.11 21:47	1.35763	1.35767	1.35762	1.35764	23
2025.09.11 21:48	1.35765	1.3578000000000001	1.35764	1.35767	39
2025.09.11 21:49	1.35764	1.35772	1.35764	1.35772	15
2025.09.11 21:50	1.35772	1.35789	1.35772	1.35777	20
2025.09.11 21:51	1.35781	1.35786	1.35769	1.35786	27
2025.09.11 21:52	1.3578700000000001	1.35799	1.35786	1.35796	16
2025.09.11 21:53	1.35797	1.35808	1.35796	1.35808	30
2025.09.11 21:54	1.35807	1.35809	1.3578999999999999	1.35801	41
2025.09.11 21:55	1.35802	1.35807	1.35795	1.35799	34
2025.09.11 21:56	1.35801	1.35802	1.3578999999999999	1.35796	17
2025.09.11 21:57	1.35796	1.35824	1.35796	1.3582	33
2025.09.11 21:58	1.3582	1.35823	1.35793	1.35797	40
2025.09.11 21:59	1.35797	1.35803	1.35789	1.35789	33
2025.09.11 22:00	1.35789	1.35797	1.35785	1.35786	38
2025.09.11 22:01	1.35785	1.35785	1.35769	1.35779	28
2025.09.11 22:02	1.35782	1.3578700000000001	1.35776	1.3578299999999999	19
2025.09.11 22:03	1.35789	1.3578999999999999	1.35773	1.3578700000000001	34
2025.09.11 22:04	1.3578700000000001	1.35795	1.35785	1.3578999999999999	28
2025.09.11 22:05	1.35789	1.358	1.3578700000000001	1.35796	35
2025.09.11 22:06	1.35796	1.35813	1.35795	1.35812	36
2025.09.11 22:07	1.35805	1.35816	1.35805	1.35809	47
2025.09.11 22:08	1.35809	1.35815	1.35802	1.3581400000000001	38
2025.09.11 22:09	1.35812	1.3581400000000001	1.35802	1.35802	35
2025.09.11 22:10	1.35802	1.35811	1.35797	1.35811	35
2025.09.11 22:11	1.3580999999999999	1.3580999999999999	1.3578700000000001	1.35793	30
2025.09.11 22:12	1.35791	1.35795	1.35789	1.35791	25
2025.09.11 22:13	1.35791	1.35796	1.35791	1.35795	9
2025.09.11 22:14	1.35796	1.35796	1.35784	1.35793	29
2025.09.11 22:15	1.35791	1.358	1.35788	1.358	34
2025.09.11 22:16	1.358	1.35803	1.35795	1.35797	21
2025.09.11 22:17	1.35797	1.35806	1.35796	1.35802	19
2025.09.11 22:18	1.35801	1.35803	1.35795	1.358	22
2025.09.11 22:19	1.358	1.35806	1.35797	1.35799	22
2025.09.11 22:20	1.35798	1.358	1.35796	1.35798	23
2025.09.11 22:21	1.35798	1.358	1.35792	1.35793	21
2025.09.11 22:22	1.35794	1.35802	1.35793	1.35801	21
2025.09.11 22:23	1.35801	1.35804	1.3578999999999999	1.3578999999999999	30
2025.09.11 22:24	1.3578999999999999	1.35808	1.3578999999999999	1.35801	29
2025.09.11 22:25	1.35801	1.35802	1.3578700000000001	1.35789	34
2025.09.11 22:26	1.35791	1.35792	1.3578700000000001	1.3578999999999999	23
2025.09.11 22:27	1.35789	1.35789	1.35779	1.35784	28
2025.09.11 22:28	1.35785	1.35788	1.35785	1.35786	14
2025.09.11 22:29	1.35786	1.35789	1.35779	1.35789	23
2025.09.11 22:30	1.35788	1.35789	1.35776	1.3578299999999999	27
2025.09.11 22:31	1.3578299999999999	1.35786	1.35765	1.35766	20
2025.09.11 22:32	1.35766	1.35775	1.35766	1.35774	17
2025.09.11 22:33	1.35775	1.35785	1.35774	1.3578299999999999	22
2025.09.11 22:34	1.35784	1.35786	1.3578000000000001	1.35784	15
2025.09.11 22:35	1.35785	1.35796	1.35779	1.3578000000000001	29
2025.09.11 22:36	1.35779	1.35788	1.35777	1.3578000000000001	18
2025.09.11 22:37	1.35779	1.3578299999999999	1.35771	1.35772	31
2025.09.11 22:38	1.35772	1.3578000000000001	1.35772	1.3578000000000001	22
2025.09.11 22:39	1.3578000000000001	1.35786	1.35777	1.35786	18
2025.09.11 22:40	1.35785	1.35798	1.3578299999999999	1.35796	13
2025.09.11 22:41	1.35796	1.35796	1.35785	1.35786	18
2025.09.11 22:42	1.3578700000000001	1.35788	1.35776	1.35778	31
2025.09.11 22:43	1.35777	1.35786	1.35776	1.35785	19
2025.09.11 22:44	1.35785	1.35785	1.35778	1.35779	25
2025.09.11 22:45	1.35778	1.35779	1.35772	1.35778	20
2025.09.11 22:46	1.35777	1.35778	1.35774	1.35777	10
2025.09.11 22:47	1.35777	1.35785	1.35777	1.35777	13
2025.09.11 22:48	1.35778	1.3578299999999999	1.35777	1.35779	19
2025.09.11 22:49	1.35776	1.3578299999999999	1.35776	1.35779	22
2025.09.11 22:50	1.35779	1.35794	1.35779	1.35794	27
2025.09.11 22:51	1.35797	1.35798	1.35788	1.35796	24
2025.09.11 22:52	1.35796	1.35798	1.35792	1.35798	24
2025.09.11 22:53	1.35799	1.35802	1.3578999999999999	1.35793	19
2025.09.11 22:54	1.35792	1.35793	1.35788	1.3578999999999999	32
2025.09.11 22:55	1.3578999999999999	1.35791	1.35778	1.35779	23
2025.09.11 22:56	1.35778	1.35785	1.35775	1.35785	18
2025.09.11 22:57	1.3578700000000001	1.35793	1.35786	1.3578999999999999	21
2025.09.11 22:58	1.35791	1.35791	1.35785	1.3578700000000001	24
2025.09.11 22:59	1.3578700000000001	1.35788	1.35776	1.35776	34
2025.09.11 23:00	1.35768	1.35771	1.35767	1.35769	23
2025.09.11 23:01	1.35768	1.35772	1.35767	1.35771	21
2025.09.11 23:02	1.35769	1.35772	1.35767	1.35768	13
2025.09.11 23:03	1.35771	1.35771	1.35765	1.35767	26
2025.09.11 23:04	1.35765	1.3577	1.35764	1.35766	13
2025.09.11 23:05	1.35765	1.35782	1.35765	1.35772	28
2025.09.11 23:06	1.35775	1.35776	1.35769	1.35771	13
2025.09.11 23:07	1.35771	1.35773	1.35768	1.35768	15
2025.09.11 23:08	1.35766	1.3578299999999999	1.35766	1.35778	27
2025.09.11 23:09	1.35779	1.35779	1.35773	1.35778	17
2025.09.11 23:10	1.35777	1.35788	1.35775	1.35786	28
2025.09.11 23:11	1.35786	1.35791	1.35786	1.35789	6
2025.09.11 23:12	1.35795	1.35795	1.35779	1.35781	18
2025.09.11 23:13	1.3578000000000001	1.35784	1.35776	1.35779	21
2025.09.11 23:14	1.35776	1.3578999999999999	1.35776	1.35789	15
2025.09.11 23:15	1.35789	1.35789	1.35784	1.35786	11
2025.09.11 23:16	1.35788	1.35789	1.35779	1.35779	7
2025.09.11 23:17	1.35779	1.35779	1.35768	1.35769	10
2025.09.11 23:18	1.35768	1.35772	1.35768	1.35771	6
2025.09.11 23:19	1.35771	1.35772	1.35768	1.3577	16
2025.09.11 23:20	1.3577	1.35771	1.3575599999999999	1.35759	28
2025.09.11 23:21	1.35759	1.3576	1.35758	1.35758	10
2025.09.11 23:22	1.35759	1.35759	1.3575599999999999	1.35757	11
2025.09.11 23:23	1.35758	1.35758	1.35754	1.35754	11
2025.09.11 23:24	1.35755	1.35758	1.35754	1.35757	16
2025.09.11 23:25	1.35757	1.35762	1.3575599999999999	1.35762	17
2025.09.11 23:26	1.3576	1.3576	1.3575599999999999	1.35758	8
2025.09.11 23:27	1.35759	1.35763	1.35758	1.35761	13
2025.09.11 23:28	1.35762	1.35762	1.3576	1.3576	13
2025.09.11 23:29	1.3576	1.3576	1.35755	1.35755	24
2025.09.11 23:30	1.35754	1.35763	1.35754	1.35759	23
2025.09.11 23:31	1.35759	1.35764	1.35758	1.35763	23
2025.09.11 23:32	1.35764	1.3577	1.3575599999999999	1.35757	21
2025.09.11 23:33	1.3575599999999999	1.35764	1.3575599999999999	1.3576	18
2025.09.11 23:34	1.35759	1.35761	1.35751	1.35751	11
2025.09.11 23:35	1.3575	1.3575300000000001	1.3575	1.35751	7
2025.09.11 23:36	1.35752	1.35767	1.35752	1.35767	16
2025.09.11 23:37	1.35767	1.35777	1.35767	1.35771	12
2025.09.11 23:38	1.35772	1.35774	1.35767	1.35768	33
2025.09.11 23:39	1.35769	1.35771	1.35769	1.35771	7
2025.09.11 23:40	1.3577	1.35774	1.3577	1.35774	15
2025.09.11 23:41	1.35773	1.35775	1.35768	1.35769	14
2025.09.11 23:42	1.35769	1.35774	1.35768	1.35774	12
2025.09.11 23:43	1.35774	1.35774	1.35768	1.35769	16
2025.09.11 23:44	1.35768	1.3578000000000001	1.35768	1.35779	22
2025.09.11 23:45	1.35779	1.35784	1.35775	1.35775	70
2025.09.11 23:46	1.3578000000000001	1.35784	1.35776	1.35781	113
2025.09.11 23:47	1.35779	1.35781	1.35766	1.35766	59
2025.09.11 23:48	1.35767	1.35771	1.35765	1.35768	134
2025.09.11 23:49	1.3577	1.3577	1.35758	1.35759	57
2025.09.11 23:50	1.3576	1.3576	1.35755	1.35759	19
2025.09.11 23:51	1.35759	1.35774	1.3575599999999999	1.35771	47
2025.09.11 23:52	1.35773	1.35774	1.35766	1.35767	89
2025.09.11 23:53	1.35767	1.35767	1.35758	1.35765	11
2025.09.11 23:54	1.35766	1.35766	1.3575599999999999	1.35758	14
2025.09.11 23:55	1.3575	1.35752	1.35748	1.3574899999999999	10
2025.09.11 23:56	1.3574899999999999	1.35751	1.35747	1.35747	44
2025.09.11 23:57	1.35747	1.35748	1.35737	1.35739	52
2025.09.11 23:58	1.35738	1.35741	1.35706	1.35712	42
2025.09.11 23:59	1.35712	1.35712	1.35712	1.35712	1
